0.003782
-0.00323
-0.016218
0.005344
0.003267
-0.014397
-0.004784
-0.000367
-0.004263
-0.010496
-0.008937
0.00665
-0.010233
-0.011012
-0.002438
-0.003477
0.00146
-0.015424
-0.010487
0.00458
-0.002952
-0.012303
-0.000872
-0.002949
-0.010222
-0.002947
-0.006583
0.003289
-0.004503
-0.013074
-0.001384
0.001994
-0.007616
-0.015149
0.005374
-0.001379
-0.015146
0.003039
-0.001636
-0.013844
0.001483
0.000185
-0.017738
0.000187
0.005384
-0.013319
-0.008122
0.007205
-0.001366
-0.017991
-0.001624
-0.002143
-0.006818
-0.001102
-0.005777
-0.005776
-0.01045
0.000461
-0.001876
-0.010967
-0.000575
-0.001094
-0.011224
-0.005508
-0.000571
-0.002908
-0.004986
-0.011739
0.006186
-0.002125
-0.01849
-0.002123
0.003852
-0.004199
-0.015369
-0.003678
-0.001079
-0.007832
-0.006013
-0.004713
-0.004193
-0.00653
0.003862
-0.008866
-0.009384
0.007762
-0.010941
-0.008862
0.005167
-0.00834
-0.009378
0.001793
-0.00522
-0.008077
-0.001581
0.001277
-0.007035
-0.006774
0.002059
-0.010409
-0.006771
-0.001055
-0.00573
-0.00443
-0.007027
0.002845
-0.004167
-0.015336
0.007784
-0.002606
-0.015853
0.002332
-0.002343
-0.003901
-0.011693
-0.007795
0.004155
-0.003897
-0.003117
-0.006493
-0.00883
-0.005452
-0.001554
-0.007008
-0.008306
0.005982
-0.003888
-0.016096
0.004946
0.00157
-0.016353
-0.001026
-0.002324
-0.010895
0.003653
0.001576
-0.01297
-0.004137
-0.004656
-0.002577
0.001321
-0.007251
-0.004652
-0.010106
0.001065
0.002105
-0.008804
-0.006206
-0.002308
-0.000749
-0.00958
-0.002825
0.000553
-0.012694
-0.003601
0.004193
-0.016068
-0.002819
0.002118
-0.009831
-0.001517
-0.004893
-0.002814
-0.000995
-0.003072
-0.010344
-0.000992
4.8e-05
-0.013978
-0.007743
0.002129
0.004468
-0.006701
-0.008778
-0.001244
-0.000983
-0.007736
-0.003319
-0.009033
-0.003057
0.002399
-0.00955
-0.007211
-0.000196
0.002662
-0.01604
-0.004349
0.000327
-0.010582
-0.003048
0.003188
-0.002786
-0.013176
-0.001485
-0.007978
-0.006938
-0.001482
-0.00304
-0.006935
-0.005116
0.003977
-0.010569
-0.007451
0.001122
-0.010047
0.000864
-0.001732
-0.014979
0.006582
-0.01264
-0.010301
0.006845
-0.004324
-0.006661
-0.010557
-0.004581
-0.006139
0.001655
-0.005877
-0.003278
-0.005875
-0.009251
0.005297
-0.00847
-0.005351
-0.003532
-0.006129
-0.001452
-0.005088
-0.00119
-0.004047
-0.009241
0.00167
-0.003784
-0.008719
-0.001184
-0.006379
-0.007157
-0.002221
-0.005597
-0.002738
-0.001179
-0.010789
-0.004034
0.005318
-0.007149
-0.011824
-0.001692
-0.00377
-0.002729
-0.002469
-0.003247
-0.001687
-0.009739
-0.004543
-0.003243
-0.002982
-0.004021
-0.007656
-0.00194
-0.002719
-0.002198
-0.005834
0.000921
-0.007391
-0.00661
0.005859
-0.013103
-0.001152
0.001706
-0.015438
0.002747
-0.003227
-0.00972
0.007166
-0.012575
-0.012315
0.002493
-0.002182
-0.005558
-0.007895
0.003536
-0.001918
-0.011529
-0.004514
-0.000616
-0.00685
-0.009187
0.000426
-0.006587
-0.005028
0.004585
-0.01152
-0.007622
0.00225
-0.009958
-0.005541
-0.001124
-0.003461
-0.001902
-0.005797
-0.006316
-0.006574
-0.000599
-0.003455
-0.00813
-0.002414
-0.011505
-0.000854
0.000706
-0.010203
-0.00137
-0.005266
-0.006044
0.000191
-0.002665
-0.010198
-0.002663
0.000974
-0.010454
-0.005778
0.003315
-0.00136
-0.012269
-0.003436
0.003579
-0.008629
-0.009408
0.001504
-0.003171
-0.004209
0.002026
-0.010442
0.00021
-0.003426
-0.010699
0.005668
-0.011996
-0.004721
0.004632
-0.014331
0.000997
0.002816
-0.010951
-0.001078
-0.011728
-0.004194
0.005159
-0.009387
-0.00471
-0.006268
0.001266
-0.009123
-0.008083
0.009842
-0.01016
-0.002885
-0.003144
-0.011456
0.00595
-0.011973
-0.009894
0.002316
-0.005736
0.0005
-0.010669
0.000242
0.0031
-0.012745
0.000245
-0.006508
-0.004429
0.001546
-0.013
-0.003907
0.006745
-0.011958
-0.009099
0.001812
-0.007539
-0.002862
-0.003121
-0.001301
-0.002339
-0.009352
-0.001558
-0.002336
-0.005712
-0.00701
-0.00623
-0.002073
-0.007787
-0.002331
0.000788
-0.01194
-0.000769
-0.004145
-0.00856
0.007027
-0.011416
-0.00518
-0.001023
-0.008036
0.002356
-0.011671
-0.000759
-0.006993
-0.010369
0.00288
-0.004392
-0.001014
-0.009845
-0.002571
-0.00257
-0.002569
-0.008543
-0.003606
0.002889
-0.012436
0.002112
-0.010356
-0.003082
-0.005938
-0.005418
0.00991
-0.017885
-0.003856
0.007055
-0.009829
-0.005672
-0.005671
-0.008527
-0.000473
-0.010863
-0.003069
0.002907
-0.005925
-0.006443
-0.001766
0.002131
-0.013194
0.001873
-0.006698
-0.009295
0.002656
-0.003318
-0.001759
-0.010849
-0.005653
6.3e-05
-0.004612
-0.010066
-0.000714
-0.002271
-0.008245
-0.004088
-0.00045
-0.009801
-0.003565
0.001371
-0.010577
-0.000445
-0.00486
-0.003301
-0.006157
-0.004078
-0.004856
-0.007973
0.002159
0.001641
-0.010827
-0.016281
0.013853
-0.00485
-0.019655
0.00866
-0.011081
-0.005365
0.005286
-0.012896
0.000612
-0.002244
-0.000684
-0.014711
-0.001202
0.005033
-0.022241
0.01075
-0.01081
-0.00977
0.004778
-0.00665
-0.004571
-0.00535
-0.00353
-0.009504
0.008421
-0.010541
-0.001968
-0.005084
-0.004044
-0.008459
-0.004042
0.010246
-0.030796
0.01882
-0.009753
-0.01235
0.01129
-0.017283
0.00194
-0.006111
0.008177
-0.022475
0.010776
-0.000912
-0.019095
0.014936
-0.028704
0.017795
-0.007401
-0.013635
0.003511
-0.010516
0.011825
-0.021684
0.007411
-0.010512
-0.0009
-0.004016
-0.012068
0.013391
-0.026093
0.025861
-0.025831
0.003783
0.01963
-0.053624
0.042751
-0.026606
-0.011538
0.022752
-0.04089
0.025352
-0.012574
-0.007117
-0.004259
0.001197
0.01003
-0.039585
0.029515
-0.015684
-0.013865
0.017309
-0.032306
0.015492
-0.012822
-0.001131
0.005624
-0.019832
0.008223
-0.011778
-0.000607
-0.003723
-0.00554
0.001474
-0.010734
-0.001901
-8.1e-05
-0.008912
0.001479
-0.000338
-0.018521
0.013951
-0.010466
-0.014362
0.013175
-0.012541
-0.006566
-0.004227
0.007983
-0.016954
-0.003964
0.004609
-0.018249
0.009547
-0.01591
0.004873
-0.00214
-0.015647
0.013708
-0.011748
-0.006292
0.006437
-0.012785
-0.006549
0.008518
-0.020315
0.003844
-0.000571
-0.007843
0.004367
-0.018492
0.017357
-0.027582
0.011384
0.014762
-0.047841
0.033987
-0.024719
-0.004197
0.015027
-0.029652
0.015549
-0.013285
0.001783
-0.007828
0.004642
-0.008085
-0.004967
0.003606
-0.023409
0.030104
-0.029382
-0.001066
0.005169
-0.013533
0.009587
-0.021324
0.016603
-0.021842
0.006734
-0.012228
-0.006253
0.013751
-0.033007
0.028559
-0.032485
0.000247
0.010378
-0.017935
0.01064
-0.024168
0.016617
-0.015853
0.001812
0.004151
-0.019227
0.005452
-0.003899
-0.003119
-0.012729
0.010911
-0.02052
0.010393
-0.002075
-0.024414
0.022605
-0.028568
0.015074
-0.009863
-0.018434
0.023909
-0.022069
0.007286
-0.01895
0.002871
0.003911
-0.028039
0.027033
-0.01401
-0.010372
0.007293
-0.014007
-0.001797
0.000802
0.004959
-0.012704
-0.001013
0.001325
-0.010623
-0.005427
0.000809
0.002888
-0.016074
0.006007
-0.000746
-0.01763
0.010166
-0.009575
-0.011392
-0.002819
-0.007494
0.01121
-0.018662
0.00264
0.008096
-0.030868
0.022125
-0.012423
-0.010084
0.00914
-0.028006
0.018753
-0.016055
-0.007481
0.012262
-0.018649
0.006809
-0.002022
-0.011373
-0.008774
0.005254
-0.005395
0.00136
-0.007212
-0.010328
0.019286
-0.032406
0.016171
-0.006168
-0.029027
0.036436
-0.035519
-0.002008
0.022931
-0.018631
-0.009798
0.006569
-0.019667
-0.000963
0.027872
-0.048758
0.016445
0.003977
-0.017323
0.023461
-0.038622
0.018787
-0.007448
-0.01602
0.014374
-0.018615
0.0097
-0.013158
-0.002507
0.004768
-0.006661
-0.010037
0.000355
-0.004061
-0.010034
0.014385
-0.024579
0.001398
0.004257
-0.019121
0.021663
-0.01834
-0.016261
0.029459
-0.036521
0.007121
0.019591
-0.04535
0.044531
-0.019631
-0.034697
0.03726
-0.01755
-0.010016
-0.000923
0.002195
-0.011571
-0.002219
0.004276
-0.011828
-0.005853
0.004279
-0.000655
-0.022994
0.01779
-0.020655
-0.009484
0.019871
-0.033121
0.026367
-0.011818
-0.022467
0.024032
-0.02792
0.008188
-0.006358
-0.013111
0.012607
-0.013888
0.016506
-0.024017
-0.002455
0.013132
-0.027131
0.021966
-0.02661
0.005602
0.007162
-0.03388
0.028205
-0.019331
0.000412
-0.006861
-0.012315
0.024054
-0.032835
0.001975
0.008471
-0.015427
0.001459
0.006136
-0.007631
-0.015943
0.011853
-0.013083
-0.00477
0.001725
-0.005287
0.001208
-0.013338
0.012639
-0.021129
0.005628
-0.005022
-0.023464
0.032646
-0.033593
0.007451
0.002257
-0.025538
0.0233
-0.021639
0.004339
-0.003973
-0.010207
0.011355
-0.023453
0.009019
-0.005267
-0.018774
0.032661
-0.025526
-0.016693
0.022533
-0.02864
0.009806
-0.00396
-0.013311
0.005913
-0.019024
0.019163
-0.006293
-0.022398
0.019426
-0.020318
-0.004991
0.02904
-0.041097
0.007221
0.003066
-0.030963
0.037877
-0.023168
-0.001346
0.004889
-0.020827
0.023335
-0.02602
-0.000822
0.010609
-0.022381
0.004376
-0.004714
-0.007831
0.006458
-0.007569
-0.010685
0.012175
-0.00315
-0.017956
0.003866
0.005685
-0.018732
-0.001327
0.008805
-0.027042
0.017379
-0.008077
-0.010414
0.016863
-0.031973
0.021281
-0.024957
-0.001577
0.023622
-0.050151
0.045964
-0.025472
-0.024431
0.045707
-0.064434
0.027265
0.006745
-0.024686
0.021293
-0.039751
0.030647
-0.026241
0.014284
0.014285
-0.068321
0.053252
-0.014806
-0.006233
0.005457
-0.015323
0.009616
-0.040778
0.043907
-0.012462
-0.037139
0.036636
-0.0335
0.01222
0.009883
-0.035315
0.025731
-0.020767
-0.001803
0.001575
-0.020244
0.017943
-0.015566
0.014048
-0.029592
0.006257
0.01561
-0.042058
0.042368
-0.028548
-0.020234
0.017952
-0.0114
0.007304
-0.016594
0.004448
-0.004123
-0.001005
-0.0049
-0.008017
0.008869
-0.028796
0.008612
0.010431
-0.025416
0.007575
-0.012686
0.001083
0.004201
-0.018657
0.013295
-0.018396
-0.004107
0.013818
-0.023848
0.011482
0.001871
-0.022286
0.003951
0.003952
-0.006697
-0.007216
-0.006695
-0.002019
0.012789
-0.026175
0.011233
0.003181
-0.036823
0.03955
-0.031625
-0.018636
0.037215
-0.01188
-0.03266
0.011761
0.028127
-0.04123
0.006309
0.003712
-0.010055
0.012286
-0.032393
0.003456
0.006314
-0.016804
0.015928
-0.036285
0.023463
0.009177
-0.047452
0.039831
-0.028746
-0.005107
0.020871
-0.015495
-0.017053
0.010483
0.0149
-0.043027
0.023475
-0.003021
-0.02458
0.018542
-0.004057
-0.016784
0.006855
0.007376
-0.027692
0.007378
-0.003531
-0.002491
-0.000152
-0.021193
0.014137
-0.001708
-0.025866
0.008944
0.0144
-0.029499
0.00583
-0.001183
-0.004559
0.011288
-0.025338
-0.003517
-0.000658
0.015448
-0.016502
-0.020658
0.019088
-0.005849
-0.004289
-0.017017
0.011558
-0.009482
-0.01052
0.020394
-0.025844
0.005329
0.000135
-0.007398
0.000396
0.001436
-0.008434
-0.008693
0.013389
-0.017003
0.004039
-0.004792
-0.000895
-0.013363
-0.005309
0.022747
-0.036739
0.015995
-0.005825
-0.017253
0.02483
-0.02998
0.016779
-0.015951
-0.003221
0.017302
-0.028676
0.011069
-0.007633
-0.004515
-0.002696
-9.7e-05
-0.009967
0.008217
0.000425
-0.02581
0.004064
0.014716
-0.010741
-0.031261
0.029785
-0.007101
-0.023206
0.019397
-8.4e-05
-0.024761
-0.008915
0.033948
-0.026577
-0.008392
0.022261
-0.03099
0.005638
0.000963
-0.004491
-0.005789
-0.006307
0.005383
-0.014618
0.009282
-0.00942
0.003049
-0.010198
-0.00708
0.01682
-0.035652
0.012406
-0.00188
-0.014348
0.018383
-0.028634
0.005917
0.009035
-0.016162
-0.002133
-0.008627
0.012675
-0.021353
0.011119
-0.014338
-0.022389
0.058399
-0.063171
0.006967
0.019177
-0.030437
0.015023
-0.021603
0.015025
-0.019004
0.017105
-0.015365
-0.00913
0.009315
-0.020817
0.015032
-0.01536
0.003864
-0.017956
0.012438
-0.019513
0.016336
0.000232
-0.044707
0.042316
-0.040029
0.028291
-0.032494
0.001017
0.037645
-0.075613
0.069599
-0.049374
0.002321
0.027519
-0.065737
0.059472
-0.042096
0.012976
0.001547
-0.03404
0.043372
-0.050144
0.019735
-0.006761
-0.021826
0.02805
-0.035332
0.028052
-0.021562
-0.015587
0.024938
-0.036886
0.020004
-0.006491
-0.010387
0.009876
-0.024412
0.012216
0.001826
-0.01194
-0.002068
-0.013237
0.007285
0.005988
-0.01765
0.00573
-0.005439
-0.010894
0.008071
-0.009073
-0.006994
0.002878
0.001061
-0.021019
0.003401
0.00496
-0.008287
-0.008546
-0.011143
0.012757
-0.019973
0.007564
0.002889
-0.016333
0.012242
-0.018929
-0.004641
0.002894
-0.010354
0.004194
-0.001
-0.01139
0.002899
0.003159
-0.016582
-0.00697
0.00576
-0.009046
0.010178
-0.004368
-0.020992
0.010441
-0.008781
-0.003845
0.00343
-0.002804
-0.003322
-0.007478
-0.00358
-0.007476
-0.002799
0.004216
-0.003576
-0.011368
0.004738
-0.005392
-0.00643
0.000325
-0.011883
0.007601
0.001107
-0.021232
0.01176
-0.005384
-0.024086
0.018257
-0.013174
-0.003302
0.004752
-0.02616
0.0206
-0.001999
-0.015506
0.009173
-0.014465
0.001641
-0.004852
-0.008488
0.003463
-0.015499
0.004764
0.004505
-0.012639
-0.000948
-0.004584
-0.001466
-0.012116
-0.004062
0.012045
-0.021204
0.005033
-0.003019
-0.009512
0.009452
-0.016264
0.008675
-0.012625
0.001143
-0.003531
-0.016259
0.022967
-0.019374
-0.006905
0.007384
-0.013397
-0.000927
-0.000147
-0.004042
-0.002742
-0.000923
-0.009235
-0.000402
0.001677
-0.013648
0.0009
0.005057
-0.001955
-0.00715
-0.003512
0.002204
-0.012342
-0.001171
-0.000391
-0.006624
-0.003766
0.004548
-0.005323
-0.008439
0.013642
-0.014931
-0.002981
0.002475
-0.011551
0.01001
-0.006873
-0.007912
-0.001157
-0.001415
-0.00609
-0.002453
-0.00401
-0.01388
0.016254
-0.011021
-0.009721
0.013659
-0.024006
0.007167
0.005609
-0.015691
0.007949
-0.012312
-0.006596
0.008991
-0.008672
-0.011789
0.004578
0.00328
-0.014643
-0.000355
-0.000874
-0.012302
0.004843
0.002506
-0.017235
0.00017
0.006406
-0.010218
0.006668
-0.010736
-0.009176
0.010827
-0.008655
-0.001121
-0.001639
-0.013328
0.002519
0.00226
-0.0193
0.00486
0.000445
-0.012543
0.010318
-0.007865
-0.002928
-0.008902
0.002789
0.003049
-0.023966
0.009026
-0.003442
-0.008117
-0.002141
-0.004738
0.004355
-0.015127
-0.001618
0.002539
-0.006032
0.002022
-0.008628
-0.001873
0.004103
-0.008884
-0.003428
-0.002908
-0.003167
-0.004465
-0.003944
0.002032
-0.0068
-0.00524
-0.002901
0.004893
-0.000821
-0.010431
0.004117
-0.011728
-0.007831
0.010094
-0.015882
-0.003412
0.008798
-0.013281
0.001007
0.002567
-0.007823
-0.003146
-0.002366
-0.001586
-0.006261
-0.001324
-0.002622
0.000237
-0.005477
-0.009633
0.012708
-0.015086
-0.004954
0.010373
-0.016382
0.005959
-0.011184
-0.000793
0.0083
-0.021832
0.007782
0.00051
-0.010659
0.004668
-0.008839
0.001033
-0.004681
-0.011693
0.001556
-0.003898
0.001298
-0.010131
-0.001558
0.00286
-0.009349
-0.003113
-0.007009
0.002863
-0.011423
0.000787
0.001827
-0.02207
0.007025
0.00183
-0.007001
-0.00726
-0.00622
0.002613
-0.009075
-0.000502
-0.000501
-0.007254
0.004177
-0.006732
-0.00855
2.3e-05
-0.010626
0.001584
0.000286
-0.007246
0.001587
-0.010361
-0.005165
-0.001268
-0.002046
0.00315
-0.009058
-0.006199
0.002894
-0.004899
-0.008015
-0.00126
-0.006714
-0.002297
0.003159
-0.011647
-0.002034
-0.002293
-0.008007
0.002644
-0.006187
-0.002809
-0.006964
-0.008522
0.004987
-0.003065
-0.005142
-0.004881
-0.00488
0.001355
-0.00306
-0.011112
-0.003318
-0.001238
-0.003056
-0.005133
-0.010587
0.010455
-0.003831
-0.014741
0.009159
-0.010582
-0.004607
0.008902
-0.011099
-0.002006
-0.001745
-0.005901
0.003712
-0.002522
-0.005378
-0.000442
-0.006156
-0.010311
0.004497
0.001121
-0.009529
-0.001215
-0.000954
-0.005629
-0.004849
-0.000432
0.000348
-0.008223
-0.009781
0.008144
0.000352
-0.019649
0.005809
0.002174
-0.012892
0.010228
-0.006915
-0.01211
0.005815
-0.007952
-0.003275
-0.003793
-0.00639
0.004261
-0.001972
-0.00353
-0.005087
-0.005606
-0.001189
-0.003266
-0.007421
0.00297
-0.002224
-0.014692
0.008948
-0.009495
-0.009494
0.011289
-0.017285
0.00064
0.000901
-0.00845
0.006618
-0.011825
-0.002472
0.003763
-0.013121
0.001687
-0.001689
-0.012079
0.005067
-0.006362
-0.003763
0.001693
-0.007917
0.002734
-0.004279
-0.005577
0.000659
-0.002717
-0.006353
0.001701
-0.005572
-0.010506
0.007678
-0.014401
0.003004
0.004044
-0.016216
0.009242
-0.013357
-0.002706
-0.000107
-0.014133
0.00535
-0.006858
-0.001142
-0.001401
-0.013349
0.003017
0.001979
-0.00893
-0.003734
-0.00685
-0.003732
0.004841
-0.005548
-0.004508
-0.003988
-0.009442
0.005366
-0.005803
-0.007621
0.006408
-0.011515
0.000695
-0.006578
-0.010473
0.012647
-0.008913
-0.006574
0.00148
-0.004754
-0.002415
-0.005271
-0.000594
-0.00475
-0.00293
0.002006
-0.007604
0.000709
0.00097
-0.010199
0.002011
0.000453
-0.004221
-0.008636
-0.005259
0.007991
-0.007335
-0.008113
-0.001618
0.000981
-0.001356
-0.006551
0.001503
-0.009406
-0.008626
0.004883
-0.006026
-0.008363
0.006445
-0.007322
-0.00888
0.004889
-0.004981
-0.001603
-0.011214
-0.001861
0.009829
-0.017705
0.001519
0.002039
-0.011987
0.004899
-0.008089
0.004121
-0.009386
-0.016658
0.023867
-0.013539
-0.013019
0.013219
-0.02029
0.006727
0.00413
-0.019248
0.008288
-0.007816
-0.003399
0.005434
-0.009372
-0.006514
0.005177
0.001801
-0.012226
0.003621
-0.009366
-0.00391
0.010638
-0.015857
-0.005726
0.001809
-0.003905
0.005188
-0.005202
-0.008059
0.003372
-0.002602
-0.000782
-0.004937
-0.006495
0.003637
-0.013247
-0.006232
0.009874
-0.008828
-0.006489
6e-06
-0.00363
0.001826
-0.005706
-0.005965
0.003128
-0.003625
-0.008819
-0.004662
1.5e-05
-0.002063
0.000796
0.000277
-0.01323
-0.00076
0.004956
-0.012447
-0.002575
0.00418
-0.008808
-0.002572
-0.00387
-0.004129
0.007562
-0.015297
-0.002308
0.006266
-0.014775
-0.001266
-0.004122
-0.001524
3.6e-05
0.000557
-0.005417
-0.014768
0.006534
-0.000738
-0.006972
-0.001516
-0.003853
-0.011125
0.001345
0.009918
-0.01424
-0.008004
-0.002548
0.008363
-0.002027
-0.01917
0.003431
0.001613
-0.005659
-0.005658
0.012007
-0.01267
-0.012929
0.014867
-0.025915
0.01435
0.008376
-0.030329
0.016431
-0.016559
-0.005388
0.016953
-0.031363
0.014098
0.00137
-0.026424
0.02605
-0.020707
-0.006419
0.016961
-0.031355
0.014365
-0.00174
-0.016545
0.018524
-0.018881
0.00294
0.00424
-0.021736
0.008398
-0.006408
-0.004588
0.004505
-0.014198
0.009442
-0.008741
-0.021728
0.019576
-0.008478
-0.002762
0.000616
-0.017567
0.011528
-0.007954
-0.006394
-0.002496
-0.000937
0.002441
-0.017041
0.000365
-0.001193
0.000107
0.002706
-0.01184
0.003227
-0.006383
-0.006642
0.00323
-0.007419
-0.005081
-0.000664
0.002974
-0.011572
-0.002479
-0.00066
-0.011309
0.005317
-0.008969
-0.008709
0.006619
-0.00481
-0.006627
0.004024
-0.007405
-0.008962
0.006884
-0.006623
-0.000907
-0.002464
-0.013114
0.004292
0.002994
-0.01415
-0.011811
0.017544
-0.012069
-0.018043
0.022482
-0.00765
-0.012585
0.001704
-0.012063
0.006381
0.000148
-0.018035
0.01132
-0.009461
-0.002706
0.004569
-0.020887
0.013922
-0.008936
-0.010754
0.002755
-0.009713
0.001199
-0.001398
-0.000358
-0.009189
0.00354
-0.009447
-0.008147
0.011077
-0.014639
-0.000351
-0.005546
-0.005804
0.007964
-0.015154
0.001212
0.000694
-0.010216
0.005112
-0.010733
-0.001381
0.009011
-0.015926
-0.001637
0.001481
-0.012026
0.003561
-0.006309
-0.007088
0.009019
-0.006566
-0.006825
-0.005265
-0.003966
0.004608
-0.016433
0.003051
0.001753
-0.018508
0.013445
-0.01435
-0.010452
0.017864
-0.015386
0.003059
0.007476
-0.01902
-0.004731
0.008518
-0.008366
-0.006027
0.008001
-0.016156
0.004886
0.008783
-0.016933
0.002031
-0.001864
-0.008357
-4.4e-05
0.00775
-0.010692
-0.008873
0.006195
-0.008092
0.003079
-0.00835
-0.008868
0.003602
-0.005229
0.005942
-0.011722
-0.006006
0.009841
-0.011459
0.002569
-0.001066
-0.004183
-0.004701
-0.008077
0.006731
-0.010153
0.006992
-0.005995
-0.013008
0.011931
-0.016643
0.006218
-0.00677
-0.018978
0.025703
-0.021054
-0.006766
0.019212
-0.025987
0.003628
0.000252
-0.005982
0.005189
-0.019747
0.003893
0.010907
-0.017406
-0.002339
0.000779
-0.01013
0.009613
-0.011687
-0.009348
0.008577
-0.01558
-0.002591
0.000787
-0.003888
0.002348
-0.005964
-0.003625
-0.002066
0.000793
-0.008558
-0.000504
0.006251
-0.015828
0.002876
0.000279
-0.008552
-0.002836
-0.002575
0.005478
-0.015562
0.014572
-0.006468
-0.020235
0.022108
-0.020233
0.002888
0.005746
-0.016593
0.004189
-0.001005
-0.008797
-0.012173
0.010947
-0.009574
0.001597
0.001079
-0.022559
0.020044
-0.014504
-0.011906
0.023684
-0.012423
-0.009565
0.003425
-0.005407
-0.003847
-0.001768
-0.011638
0.007326
0.002911
-0.01787
0.010966
-0.014231
-0.014749
0.016683
-0.018124
0.001619
0.004477
-0.017862
0.004479
-0.001494
0.004481
-0.00435
-0.013181
0.003705
-0.002529
-0.006424
-0.001488
-0.004084
-0.009798
0.014621
-0.004341
-0.024342
0.015403
-0.010573
-0.011611
0.012289
-0.020441
0.005277
0.005018
-0.019919
0.010216
-0.00537
-0.013681
0.010738
-0.006925
-0.016536
0.013339
-0.003545
-0.00848
0.00399
-0.011595
0.001654
-0.011334
0.001656
-0.001201
-0.01159
0.006335
-0.010549
-0.004054
0.001402
-0.00639
-0.000415
0.00686
-0.017038
0.002965
-0.00119
-0.010281
0.018295
-0.027943
0.002191
0.009206
-0.023784
0.014922
-0.004819
-0.015209
0.013886
-0.007933
-0.013647
0.002459
-0.012346
0.013891
-0.004292
-0.014162
0.013894
-0.014679
0.006882
-0.005326
-0.008962
0.006625
-0.006622
0.000393
-0.007659
0.004291
-0.005319
-0.00272
-0.00194
-0.004797
0.002738
-0.008431
-0.003235
-0.002455
-0.001934
-0.012064
0.005601
-0.000373
-0.011802
0.003266
-0.010761
0.010282
-0.006602
-0.009978
0.005869
-0.012834
0.008728
-0.008156
-0.008934
0.010549
-0.007893
-0.001918
-0.004774
-0.001136
-0.002954
-0.011006
0.004062
-0.000613
-9.3e-05
-0.007625
-0.004247
0.001989
-0.003466
0.005108
-0.010218
-0.004762
0.000435
-0.002162
0.001995
-0.011252
-0.002419
0.006934
-0.01021
-0.007351
0.007716
-0.009947
-0.004491
0.000965
-0.005528
0.003305
-0.004227
-0.009682
0.005905
-0.004744
-0.005522
0.011883
-0.01721
0.004871
-0.008636
-0.004998
0.00981
-0.028375
0.027476
-0.007072
-0.017202
0.012672
-0.016681
0.008518
-0.00447
-0.012262
0.004364
-0.001609
-0.014597
-0.000828
0.004368
-0.001346
-0.015632
0.000215
0.020218
-0.024201
0.005673
-0.000561
-0.006274
0.01243
-0.025495
0.009315
-0.004972
-0.009127
0.0062
-0.01458
0.0088
-0.007565
-0.005485
-0.005225
0.005427
0.000232
-0.028081
0.01608
-0.006519
0.004393
0.000237
-0.021582
0.020241
-0.018983
-0.004435
0.006736
0.001282
-0.010406
-0.008068
0.019988
-0.030146
0.009859
0.002587
-0.01118
0.014798
-0.022088
0.006227
-0.007539
-0.004161
0.013504
-0.017407
-0.008055
0.006753
0.005455
0.00052
-0.014026
-0.010648
0.022084
-0.011945
-0.012983
0.010397
-0.017916
0.018452
-0.015576
-0.011419
0.022871
-0.028042
0.013002
-0.009337
-0.006479
0.008849
-0.019205
0.022099
-0.021541
-0.000759
0.014309
-0.017902
0.001842
-0.009587
0.00626
-0.011663
-0.000492
0.001067
-0.016596
0.01146
-0.011659
0.00263
-0.006461
-0.008279
0.013283
-0.009576
-0.000483
-0.010613
0.008351
-0.002558
-0.019442
0.010692
-0.001516
-0.005152
-0.011385
0.007579
0.00732
-0.01372
-0.00177
-0.007484
5e-05
-0.004105
-0.005143
0.004989
-0.009038
-0.008257
0.002914
0.001356
-0.004618
-0.002538
-0.006174
0.006555
-0.003834
-0.013705
0.014092
-0.015521
-0.010844
0.0076
-0.001491
-0.000191
-0.014217
0.007604
-0.004864
-0.001746
0.000853
-0.007978
0.007609
-0.020705
0.007871
0.001377
-0.014987
0.014887
-0.010829
0.000342
0.002681
-0.01758
0.003462
0.007879
-0.008485
-0.005107
-0.003547
-0.003287
0.005027
-0.007961
-0.010557
0.003471
0.003732
-0.012892
-0.004059
0.003215
-0.004317
0.002178
-0.013407
-0.001976
0.005298
-0.004052
-0.004311
-0.005349
0.006082
-0.012361
-0.006645
0.003747
-0.002487
0.004008
-0.002225
-0.001964
-0.001704
-0.002742
-0.002741
0.000118
-0.006116
-0.004556
0.001679
-0.004814
0.002201
-0.004552
-0.008188
0.00558
-0.002212
-0.007406
0.004544
-0.012859
-0.002467
0.007405
-0.006882
0.008705
-0.011815
-0.00506
-0.000903
0.004813
0.005333
-0.020123
0.01157
-0.003236
-0.011028
0.004559
-0.000635
-0.002972
-0.00505
-0.002191
-0.00297
0.005084
-0.010241
-0.002707
0.00171
-0.009719
0.000673
-0.002963
-0.004261
0.002235
0.001716
-0.009973
-0.003737
-9.9e-05
-9.8e-05
-0.000877
-0.015423
0.007957
0.003282
-0.018797
0.007441
0.005883
-0.008663
-0.006324
-0.002427
0.004069
-0.005542
-0.001385
-0.00502
-0.00424
-0.002681
-0.00242
0.006673
-0.017484
0.003298
-0.002676
-0.005792
-0.002674
-0.018778
0.026162
-0.007866
-0.016697
0.014736
-0.005266
-0.009421
-0.008381
0.005648
0.002272
-0.008118
-0.003961
-0.002661
0.003055
-0.001101
-0.016166
0.005396
0.005397
-0.014085
0.006438
-0.005771
-0.006549
0.002284
-5.3e-05
0.000208
-0.01174
0.001509
-0.001088
-0.007841
0.001252
-0.006021
-0.00576
0.012165
-0.006537
-0.01303
0.006713
-0.002118
-0.007053
0.00204
0.006197
-0.00679
-0.002113
-0.007048
0.008539
0.001267
-0.027047
0.005425
0.007764
-0.004185
-0.00834
0.00439
-0.001844
-0.003402
0.000236
-0.012751
0.00907
-0.008333
-0.009112
0.006216
0.000762
-0.001575
-0.010406
0.00622
-0.001572
-0.01482
0.003625
0.003626
-0.004946
-0.008581
0.007525
0.008306
-0.011696
-0.007538
-0.002082
0.001036
-0.003379
0.001298
-0.006494
-0.012208
0.009873
-0.004673
-0.005451
5e-06
-0.000254
0.004163
-0.01402
-0.002589
0.004166
0.00105
0.000791
-0.009859
-0.003883
0.001313
-0.002582
-0.003101
-0.000502
-0.010892
0.008851
-0.002318
-0.023358
0.016128
0.000283
-0.008029
0.000285
-0.002572
-0.010883
-0.003609
0.017953
-0.012179
-0.008801
0.00237
0.004709
-0.002304
-0.010356
-0.000744
0.000297
0.002635
-0.009832
-0.000999
0.004457
-0.000997
-0.003334
-0.009568
0.010695
-0.002033
-0.016059
0.002905
0.0094
-0.005666
-0.018653
0.016417
-0.007221
-0.006441
0.010185
-0.014232
-0.000204
-0.010074
0.015904
-0.013189
-0.009032
0.018764
-0.026694
0.015389
-0.002014
-0.019158
0.014093
-0.010064
-0.000711
0.005264
-0.012139
-0.003306
0.002669
0.002151
-0.012135
-0.011875
0.016701
-0.008236
-0.010053
0.008911
-0.009792
0.002418
0.00164
-0.011867
0.00424
-0.009007
-0.00459
0.009958
-0.015499
0.009959
0.000349
-0.009521
0.008923
-0.017053
0.007886
-0.002763
-0.016011
0.012305
-0.005358
-0.004058
-0.002758
-0.002498
-0.001458
0.002959
-0.002755
-0.019898
0.021666
-0.00509
-0.010024
0.014915
-0.015737
0.012059
-0.006643
-0.017293
-0.002485
0.006088
0.006349
-0.01625
0.004273
-0.013131
0.004534
0.012588
-0.023778
0.003498
0.00272
-0.00715
0.009476
-0.011824
0.001425
0.00766
-0.025589
0.009481
-0.001169
-0.013637
0.008445
-0.005842
0.007148
-0.001424
-0.009216
-0.00376
-0.005577
0.006114
-0.00038
-0.004795
-0.007651
0.001961
0.005339
-0.008168
0.004821
-0.012842
-0.006087
0.014176
-0.016735
0.004826
0.011322
-0.021408
0.012882
0.006389
-0.021146
0.006651
-0.005038
0.000418
0.000939
-0.008672
0.007695
-0.011787
-0.000616
0.001723
-0.00581
-0.00399
-0.005808
0.010819
-0.011001
0.000949
0.003548
-0.011258
0.001991
-0.004242
0.001474
-0.00502
0.004333
-0.003979
-0.019823
0.014467
0.006675
-0.018781
0.006157
-0.006051
-0.00553
0.009537
-0.017218
0.010838
0.000188
-0.01176
0.01188
-0.016953
-0.000587
0.012402
-0.014612
-0.002922
0.002274
-0.00292
0.000198
-0.002399
-0.001358
-0.004215
0.0028
-0.000316
-0.008109
0.002023
-0.000573
-0.006807
-0.00161
-0.000311
0.002028
-0.001867
-0.006023
0.00307
-0.003943
-0.001084
-0.007837
-0.005758
0.011647
-0.01225
0.002038
0.005156
-0.010169
0.000742
-0.004452
0.000744
0.000225
-0.004449
-0.002111
0.002826
-0.006265
-0.004186
0.00179
-0.006002
0.00387
-0.00678
-0.003142
0.004652
-0.001841
-0.001321
-0.010411
0.001279
-0.002616
-0.003135
0.0031
-0.00703
0.001803
-0.00391
-0.004429
0.001287
-0.003648
-0.001569
-0.007802
0.002849
0.005968
-0.009618
-0.009097
-0.003901
0.002335
-0.004678
-0.0013
0.002857
-0.005454
0.000781
-0.000517
0.003381
-0.010126
-0.012463
0.016112
7e-06
-0.009603
-0.00077
1e-05
-0.006743
-0.000507
0.003131
-0.010896
0.006509
-0.007257
-0.000502
0.004954
-0.014268
0.008852
-0.009071
-0.009849
0.006257
-0.002054
-0.003352
-0.005689
0.003664
0.003924
-0.003348
-0.005685
-0.001528
-0.000748
-0.001786
-0.001785
-0.000485
-0.001523
0.003154
0.004713
-0.013989
-0.006195
0.003677
0.004977
-0.005413
-0.009568
0.010695
-0.006449
4.6e-05
0.001346
-0.008524
0.007323
-0.011639
0.006026
0.000312
-0.013455
0.006548
-0.008257
0.003953
-0.004099
0.001097
0.004735
-0.015526
0.004217
-0.001497
-0.003054
0.005259
-0.00617
-0.00487
0.001885
-0.007206
-0.000711
0.003706
-0.006424
-0.002786
-0.002265
0.001372
-0.008498
0.002933
0.005012
-0.014729
0.006573
-0.0007
-0.002777
-0.001477
-0.004074
0.006578
-0.001215
-0.004071
-0.006927
0.005283
-0.001211
-0.003548
0.006584
-0.005364
-0.011078
-0.003024
0.002172
-0.000165
-0.001463
-0.004319
0.001657
-0.002759
-0.001459
-0.001458
-0.000677
-0.001196
-0.006131
-0.001454
-0.006648
0.006601
-0.00301
-0.007425
-0.001449
-0.004046
0.007905
-0.004304
-0.004822
0.000894
-0.003002
-0.006378
-0.000402
0.002196
-0.004556
-0.000919
-0.006633
0.004798
0.004539
-0.007149
-0.000135
0.000646
0.005322
-0.004548
-0.010002
0.006105
0.006365
-0.011038
-0.0074
0.002732
-0.000644
-0.000124
-0.005059
0.000917
-0.000121
-0.005056
0.005596
-0.007651
-0.004273
0.006638
-0.008947
-0.000893
0.000926
-0.005048
0.004305
-0.002708
-0.004266
-0.000628
-0.001406
-0.001145
0.00509
0.000155
-0.016729
0.002235
0.001977
-0.003737
0.005875
-0.005554
0.00198
-0.005032
-0.007109
0.003802
-0.002951
0.002245
-0.00191
-0.005546
-0.003986
0.004587
0.00225
-0.012296
0.000693
0.001733
-0.007877
0.001476
-0.004498
-0.003458
0.008752
-0.013847
-0.00891
0.01421
-0.001895
-0.009687
-0.002412
0.000446
0.004344
-0.005527
-0.009942
0.010321
-0.005783
-0.011757
0.009545
0.003571
-0.002922
-0.012792
-0.001361
0.002016
-0.002918
0.004876
-0.008371
-5.8e-05
0.000723
-0.002654
0.003322
-0.007068
0.003064
-0.00239
-0.011221
0.004366
0.005926
-0.002126
-0.00758
-0.003163
0.00515
0.007229
-0.010953
-0.004458
0.013207
-0.015367
-0.001598
0.010872
-0.009129
0.002302
-0.003153
-0.00523
-0.004709
-0.00289
0.008801
-0.009902
-0.002627
0.013999
-0.006262
-0.002884
-0.003662
-0.002103
-0.000543
-0.006517
0.013226
-0.012749
-0.011969
0.009073
-0.010928
0.004659
0.008037
-0.009107
-0.00443
-0.00365
0.003625
0.004145
-0.006764
0.00051
-0.000528
-0.010138
0.005968
0.008048
-0.011954
0.001296
-0.00286
-0.008574
0.003896
-0.000259
0.007275
-0.007531
-0.008049
0.003641
-0.006489
0.002344
0.004683
-0.005966
-0.006745
0.001049
0.005726
-0.002585
-0.00726
0.001833
-0.005959
-0.00466
0.008849
-0.005697
-0.002319
0.003657
-0.006473
-0.001017
-0.004653
0.006258
0.003402
-0.011404
0.003923
-0.006466
0.001847
0.008342
-0.01062
-0.008541
-0.002825
0.008086
-0.001004
-0.003082
-0.00386
-0.001261
0.003415
-0.006974
0.009132
-0.003076
-0.011128
0.002641
-0.002813
-0.000734
0.001605
-0.000732
-0.008524
-0.003328
-0.000729
-0.000728
0.00239
-0.002025
-0.005141
-0.004621
0.005511
-0.0028
-0.006436
0.000578
-0.006694
-0.001757
0.003439
-0.001236
-0.001755
-0.005131
-0.005389
0.003703
0.002665
-0.003308
-0.003307
-0.006164
-0.001487
0.000592
0.000333
-0.003822
-0.007198
0.00683
-0.00304
-0.005377
0.003976
-0.002777
-0.007452
-0.006152
0.006318
0.001383
-0.003552
-0.005888
-0.005368
0.007362
-0.006665
-0.001209
0.004247
-0.001467
0.008925
-0.000685
0.023994
0.032307
0.023216
0.046337
0.039064
0.028155
0.008154
-0.011328
-0.036525
-0.081723
-0.080683
-0.057043
-0.052367
-0.008984
0.039074
0.003227
-0.043011
-0.037815
0.031025
0.11623
0.174419
0.24144
0.263781
0.266639
0.348207
0.463285
0.54927
0.591353
0.454716
0.274178
0.313404
0.332368
0.317043
0.325097
0.106373
-0.213141
-0.540967
-0.8158
-0.787744
-0.627466
-0.642272
-0.779429
-0.715785
-0.365616
0.220161
0.917899
1.183123
1.122858
0.63969
-0.230531
-0.504066
-0.444838
0.131848
0.977134
0.841536
0.451625
0.314728
0.479682
0.611385
0.190043
-0.128432
-0.355468
-0.54276
-0.593933
-0.620948
-0.627961
-0.934226
-0.961501
-0.350266
0.01315
-0.079066
0.133685
0.347475
-0.064257
-0.247911
-0.151277
-0.010222
0.483338
0.679724
1.001058
1.286024
0.291114
-0.339862
0.092133
0.207471
0.473735
0.575565
-0.008912
-0.118533
-0.22166
-0.278029
0.639213
0.821311
0.183841
-0.243476
-0.675209
-0.142684
0.608306
0.35893
-0.15515
-0.863017
-1.382292
-0.454919
1.167073
1.556466
0.796126
-0.506349
-1.884937
-2.097946
-0.899375
0.410116
0.773272
0.342578
0.131388
0.735869
1.058761
1.032785
1.591287
1.922233
0.995382
-0.256699
-0.586863
-0.337225
0.628853
1.556485
1.376207
1.302954
1.315683
0.753806
0.561319
0.519757
-0.268897
-1.447723
-2.138965
-2.025185
-1.919459
-1.70437
-1.324588
-1.727487
-1.528244
-0.190179
0.406769
1.07853
1.775228
0.883706
0.045436
0.216624
1.007878
1.541702
0.719277
-0.370448
-0.492278
0.221825
1.107375
1.37104
1.109714
1.155694
0.745002
-0.224451
-0.826332
-1.16299
-1.167665
-1.047911
-1.111553
-1.006087
0.012724
1.498858
2.232443
1.556788
0.091438
-0.311461
0.173267
0.831
2.072172
2.095552
0.963744
1.308977
1.590826
1.741233
2.827323
1.777342
-0.137926
-0.384185
-0.736429
-0.568098
1.508747
2.596137
1.130527
-0.385737
-1.320122
-1.448186
-0.451196
-0.093495
0.12627
0.304472
-0.689659
-0.604194
0.844532
1.646437
1.805935
1.766192
1.607475
0.503722
0.03666
0.398777
-0.736667
-0.595612
0.588411
0.245518
0.711283
1.524877
1.542542
1.865954
1.481759
0.706352
1.159908
1.741529
1.099644
0.2315
-0.737433
-1.402698
0.191759
2.057933
2.399788
2.014293
0.800918
0.157474
0.076947
-0.848345
-1.673367
-2.08302
-2.413704
-2.738932
-2.668015
-1.370213
0.102932
0.509989
0.96926
1.56361
0.47856
-0.704422
-0.364645
-0.012658
0.800157
1.63687
1.236049
1.402042
1.105388
0.193344
0.736519
0.493378
-0.738441
-1.576192
-1.958049
-1.82167
-1.180822
0.590277
1.654807
1.452968
1.287237
0.293626
-1.013266
-0.892732
-0.283576
-0.451125
-0.17603
0.847976
1.596109
2.152013
2.356711
2.071487
2.545824
2.956259
1.708075
0.535224
0.162977
-0.344089
-0.313435
0.426385
0.580428
-0.055743
0.509773
1.654831
1.402597
1.393766
1.128284
-0.458117
-1.027787
-0.111585
0.865143
0.916578
0.746431
0.07701
-1.385742
-0.467201
1.337667
1.46963
1.8624
2.035407
1.013221
-0.030785
0.386143
1.16311
1.212467
2.113083
2.05074
1.307804
2.748738
3.317891
2.104256
1.293002
0.200678
-0.631877
-0.398604
-0.191568
0.592412
1.483417
1.136628
0.384861
-0.479386
-0.28352
0.718665
0.489551
-0.525361
-1.76861
-2.294379
-0.711352
0.906743
1.194567
0.996105
0.214724
0.931165
2.597318
1.759048
-0.43651
-1.2753
0.223303
2.053628
1.788926
0.358125
0.234476
1.375898
1.38603
1.835169
3.078939
2.087925
0.815064
0.477886
-0.933432
-2.206554
-2.315396
-2.771028
-3.244843
-2.831552
-1.643112
-0.224779
0.782602
1.661658
1.897268
1.876228
2.147167
0.890671
-2.264989
-5.135683
-5.579626
-2.875701
1.167328
4.474175
5.115023
2.350314
-0.362441
-0.924058
-0.510507
-1.165381
-2.835688
-3.969574
-2.937515
-0.404776
0.622347
1.501403
2.019381
2.129004
2.905711
2.770113
1.963015
0.97304
0.844456
0.81952
1.16683
2.400209
2.830646
4.093898
4.881515
2.863899
1.076177
2.592184
5.298187
5.984495
6.072038
6.444026
6.058272
3.772055
-0.073808
-1.18925
0.832265
1.265559
0.384167
-0.503979
-1.075207
0.509378
2.374773
3.133296
3.18577
3.816747
4.123794
2.1932
1.332589
1.330252
1.208942
1.045289
0.528871
1.186605
1.452089
4.04795
8.502452
7.942133
4.079645
3.110192
3.760652
0.743708
-2.476894
-5.850499
-10.251746
-9.125651
-5.987134
-2.319469
4.200707
8.269712
7.575613
3.652599
1.459639
1.554196
-1.138038
-3.620379
-2.966542
-2.199966
-0.608108
3.105536
4.917418
6.218337
8.992139
8.009179
5.797775
4.884432
3.582217
3.658849
2.546784
0.370189
1.330033
3.649761
5.684784
8.099847
7.812025
4.749622
4.053705
4.088515
1.68878
0.417996
1.286401
1.952187
2.334567
5.510231
9.423635
6.892977
0.967412
-3.131725
-5.972286
-5.99982
-3.559819
-1.463751
-1.209437
-1.467646
0.518281
2.743974
3.171033
2.341076
0.310211
-0.028785
0.748961
-0.11113
0.672072
1.554764
-0.43168
-2.511122
-3.160021
-2.203554
-2.31967
-4.115704
-4.908255
-4.686412
-4.555229
-3.963996
-0.160213
3.255996
3.637856
4.800578
4.484961
1.639464
-1.038742
-4.097509
-8.132223
-9.059334
-7.525144
-7.447732
-3.178965
2.988706
3.114175
1.760266
2.974162
0.842767
-5.725464
-8.523683
-7.869586
-8.478741
-6.802717
-3.265457
-1.38006
0.959151
2.42762
2.423725
1.664424
-1.151979
-3.44417
-4.161388
-2.980223
-1.530457
1.411935
6.285183
4.737226
-1.471745
-5.666737
-5.13551
-1.716444
-1.555906
-5.026924
-5.193954
-0.995584
-2.601988
-5.602306
-2.971895
0.421714
3.029785
2.063709
0.13805
2.697025
3.950146
1.407799
1.128029
3.161234
4.269924
2.902247
1.286492
1.125956
3.453478
8.700531
9.82169
7.335972
5.102488
1.839544
-1.313258
-2.605083
0.814763
4.65881
4.043161
3.324384
3.993287
6.469915
8.373756
6.506545
4.193832
0.412391
-4.367338
-5.396277
-3.631673
-0.277549
5.184852
8.503648
6.86893
3.928098
-0.644336
-6.429107
-9.756733
-10.857369
-8.409834
-5.328986
-7.016957
-7.873151
-3.971436
0.590609
7.8558
12.407974
4.895227
-4.804507
-9.185492
-10.663051
-10.107926
-10.472899
-11.180505
-7.802482
-4.149105
-4.421601
-0.592101
6.572039
7.157297
3.332735
-1.146702
-3.302255
-1.767805
-1.203848
-0.354925
1.15095
1.528914
1.741145
-0.2892
-3.555261
-5.102178
-5.713671
-6.913019
-8.892449
-10.480669
-9.289113
-7.263961
-5.076195
-2.350968
-4.722129
-7.595941
-7.444755
-9.93411
-11.881589
-8.573703
-6.028756
-7.334349
-6.038625
-2.84192
1.695187
8.246276
10.075303
6.573112
3.620331
4.377296
5.848623
5.903694
6.579611
3.010661
-2.343155
-5.04474
-4.959536
3.87751
10.865269
10.261309
9.283544
7.806504
6.631055
4.631363
-0.548409
-5.958075
-7.920361
-10.408157
-15.525844
-14.597173
-6.78621
-6.894272
-10.769489
-5.711547
1.122688
4.956084
5.308331
3.807652
3.029908
1.522995
-1.924644
-6.230036
-7.359246
-6.666704
-6.427197
-2.392741
5.390167
8.032268
3.925598
-0.408369
0.082333
4.860765
5.265484
4.193163
7.106202
4.291877
-2.565216
-1.355735
5.274063
10.145751
14.72572
15.155378
5.976739
-1.87033
-4.034196
-5.398496
-1.026601
5.246536
8.782238
12.904756
13.588466
12.435357
13.794724
10.849736
5.565798
6.449269
8.651323
5.569957
2.740306
6.033125
9.175538
7.370672
4.755849
2.379753
-3.724533
-8.522705
-6.639127
-0.675893
6.550072
4.725203
-3.879089
-7.299452
-8.237473
-6.121662
-2.146952
-2.956388
-5.522115
-7.986013
-14.639707
-17.05399
-6.773154
3.103224
2.861641
-0.254015
3.408714
7.223926
8.503544
12.597228
12.527091
6.53061
-4.020383
-10.699275
-7.559979
-1.767933
2.180281
4.110618
7.436947
8.08403
3.12558
-2.823104
-4.256762
-2.482546
-4.871371
-5.407531
-3.039746
-2.141207
-2.964151
-6.537778
-6.861447
-2.379411
6.046163
11.766513
11.287502
8.781003
2.75205
-4.069974
-2.824906
5.29622
3.119106
-2.849061
-1.609448
1.725454
5.725361
3.651115
0.540136
-1.930776
-8.176115
-11.190721
-4.772894
3.962323
2.29955
-1.487086
2.18889
7.114611
7.092531
3.745163
1.140211
-1.011446
-4.904846
-10.497389
-15.227502
-15.131127
-10.16774
-7.000129
-5.192403
-1.252502
3.041462
5.554978
5.845659
6.213751
4.06703
-4.878857
-13.516919
-13.904491
-8.127511
-2.359624
-2.380664
-3.089829
-3.729637
-8.834595
-10.527242
-7.209745
-2.208432
0.102465
-0.86491
1.601847
5.990108
6.333002
1.553273
-4.158503
-11.139765
-12.418342
-5.718146
-4.242404
-2.567679
-2.530012
-9.125778
-11.527851
-11.220025
-2.987459
7.742516
6.867099
4.227857
2.019312
-3.364118
-2.94693
-0.056231
-3.600504
0.015726
6.991275
5.355258
7.787206
11.682168
12.796573
14.062163
8.700554
1.189885
-0.646153
-4.352261
-12.485075
-19.194879
-22.215719
-16.766567
-14.427096
-17.341431
-6.43949
3.599762
2.549261
2.102981
0.968835
3.159199
5.608552
3.73121
5.160974
10.077083
10.221775
2.928272
-2.499578
-4.562134
-4.614866
-3.956873
-8.107184
-13.542308
-17.83653
-24.847666
-29.39776
-26.728124
-29.906643
-39.791851
-37.941523
-30.895577
-31.801646
-29.101098
-25.66073
-25.13418
-18.505421
-12.221114
-3.912436
15.902402
32.3374
29.582822
27.331154
32.438712
25.330684
11.570258
3.882427
4.89942
6.537777
2.426431
-2.582933
-11.918211
-18.110039
-17.183446
-22.545054
-27.599098
-19.22366
-4.43611
0.409342
-6.07888
-14.210395
-17.866627
-19.146763
-20.42456
-11.794289
1.692343
13.487885
28.392071
35.61362
33.962017
32.878006
29.433484
23.386608
15.886849
8.176159
5.63537
5.62524
7.751181
13.476727
22.855389
33.769799
36.163302
30.134089
21.164564
7.689104
-9.782107
-21.421527
-22.893371
-20.214643
-18.752409
-18.6711
-12.439787
0.11246
13.152032
19.392957
20.832592
23.383254
19.758713
14.971971
7.279984
-3.546883
-5.697241
-10.48736
-18.968522
-24.671986
-23.739678
-16.870633
-18.626664
-24.773551
-27.821927
-24.382079
-17.716693
-9.124608
3.558562
3.884052
-4.962343
-18.286878
-34.970472
-44.480575
-49.146785
-49.474352
-50.421464
-45.570298
-29.463646
-13.035142
1.355482
5.871808
2.914611
4.967038
11.811664
18.411069
22.894405
30.794208
34.644489
28.485133
23.055465
21.521276
19.61614
13.469512
13.490035
19.235842
18.333669
16.265658
14.763161
11.82129
9.935376
5.775713
-4.112352
-6.168674
2.460038
11.346181
18.521751
22.37437
22.874424
20.187126
22.114605
20.916296
14.143109
12.216411
11.834813
16.028247
17.135379
18.832964
27.634162
30.22301
27.074104
18.535533
4.018144
-5.98266
-5.917458
-4.55965
-5.265438
-3.575387
1.17499
3.887747
2.093791
-1.730511
-9.273132
-10.511964
-7.892983
-5.760287
-3.065714
-6.770783
-8.554088
-11.489205
-11.764558
-3.230921
5.034895
7.206556
-1.441117
-14.393924
-28.453083
-39.642066
-43.189196
-37.92214
-24.504866
-14.845915
-11.061095
-5.008761
-1.782443
-8.011936
-17.931953
-23.613596
-23.79829
-25.059982
-24.565383
-10.842621
8.126932
14.235636
16.164673
24.41854
28.372469
25.661012
19.543478
12.0658
6.849921
6.712764
11.305982
15.928813
15.444346
14.587633
19.180071
20.596067
17.64978
13.081762
7.915499
5.983605
7.189449
10.709565
10.836593
9.554119
7.679116
0.303266
-7.96047
-13.1418
-10.803368
-4.491267
0.781504
5.367188
0.398868
-7.081928
-5.207702
-0.625394
2.377783
4.922211
13.192444
21.327597
21.289152
22.421741
26.371513
30.98837
32.837658
28.553047
20.875867
13.345456
8.274527
1.856182
-5.450569
-7.270502
-5.230284
-6.866042
-3.897153
0.893748
-6.448072
-13.800283
-19.680648
-26.367074
-27.397572
-27.300677
-26.956484
-24.78872
-21.01507
-20.080164
-22.107652
-21.06806
-18.077351
-16.534588
-13.742861
-10.527453
-13.477377
-19.788177
-27.438602
-33.43872
-38.353268
-44.761223
-40.079165
-32.519917
-27.788243
-16.929943
-10.263258
-7.539331
-7.855727
-9.083389
-5.942794
-3.603843
5.103059
16.627664
24.562276
33.610254
35.983495
33.874959
36.796051
38.993688
39.446205
41.054949
44.415048
50.042661
51.034456
42.42289
30.242893
21.825114
13.983501
9.892417
15.161031
19.766458
18.403976
17.380751
16.387919
15.54861
15.729669
7.610883
-8.861519
-21.070091
-23.35371
-23.921302
-21.053983
-9.145701
2.370851
6.514411
5.707053
3.55046
-5.354383
-15.782506
-22.567643
-29.215622
-27.484788
-20.914736
-17.133294
-15.352324
-13.920482
-6.687243
2.366969
5.40002
4.790605
7.456085
10.690976
3.835701
-0.808948
3.269669
3.121083
3.857266
6.203231
9.304601
12.658985
8.531794
2.437119
-3.168412
-10.319302
-19.6112
-27.98222
-32.979115
-33.209008
-30.363769
-30.206349
-27.280322
-20.053837
-8.783805
1.599639
8.580384
15.143681
17.439251
17.655899
17.023624
20.675962
25.453875
20.697525
12.36521
2.170359
-11.629811
-14.656626
-5.909719
2.973306
9.946257
16.194975
26.999244
30.878099
26.874038
27.514367
23.816571
12.62577
0.069109
-6.572376
-7.648074
-2.073973
8.218033
11.509034
9.228012
5.786868
5.344224
-1.865893
-12.104645
-9.898175
-11.047647
-15.667879
-14.650886
-10.339517
-3.644258
0.151732
2.916703
4.99173
5.051737
6.898168
13.709284
21.840021
23.214195
24.265996
25.394169
16.133703
4.780547
-4.015194
-12.696897
-18.201897
-19.51892
-16.614194
-15.67747
-19.114198
-26.462253
-35.358524
-38.376766
-36.134968
-25.645279
-5.142315
6.438919
6.194998
4.222841
-1.59518
-3.852562
-1.360608
5.735733
14.335871
19.780088
25.493944
22.728975
16.393496
12.400345
6.141757
-2.576573
-8.454341
-6.622976
-1.147846
6.364643
4.318712
-5.746255
-9.606146
-13.984793
-22.215019
-24.728792
-16.511812
-4.949021
4.320278
11.429868
13.379687
11.70912
11.412206
9.062606
5.37728
6.834059
8.029252
7.067593
8.140695
13.309038
20.735025
24.184484
27.725901
30.701284
29.461932
28.72653
24.354637
18.732741
15.853474
14.522164
17.300903
17.855249
16.242091
16.947362
16.963988
14.845841
14.421641
15.909593
9.978832
1.812249
-0.759193
-5.110564
-9.521422
-10.572442
-11.685547
-11.598524
-6.125992
-0.497859
-2.310259
-3.867047
-6.130924
-13.117641
-14.575457
-12.965415
-18.852534
-25.355304
-27.23862
-32.311108
-36.542986
-38.412794
-43.869219
-46.425594
-40.155834
-35.184135
-34.171559
-27.252639
-16.564487
-8.462584
-4.631266
-2.182173
-2.605594
-2.909002
-2.016698
-4.516184
-2.278282
1.584468
0.467726
-1.312982
-4.247319
-9.948705
-13.84808
-15.968305
-17.838113
-17.875779
-18.065928
-16.712017
-14.28942
-16.162346
-25.068748
-33.953069
-35.019416
-27.159877
-18.834573
-16.05064
-3.757381
11.892598
17.158095
21.600127
25.852529
26.048655
23.824263
20.04542
16.707663
11.867148
1.917259
-1.200735
0.922609
-2.752586
-3.198087
0.885465
3.54549
1.834919
0.470619
1.274861
1.808685
3.738242
5.111896
6.960665
5.062542
1.168882
2.736582
3.448347
0.571678
-0.457002
0.096565
-3.620713
-12.270984
-18.684913
-23.632452
-29.023155
-27.184517
-18.529828
-8.277566
1.523479
9.19079
12.525172
13.651786
19.557091
24.542818
25.094047
26.711363
25.936216
20.774628
13.919873
14.430578
17.763142
15.227029
16.63731
16.126607
12.164627
9.97998
11.224269
16.611078
17.15841
17.570143
18.016945
15.697218
15.199504
15.106508
9.505133
2.913523
3.095362
-1.790353
-6.252645
-3.138027
-5.392032
-6.901802
-3.398831
1.650799
9.479166
16.899957
27.34081
32.329654
28.61965
30.636489
30.621423
21.598386
11.143247
4.729318
0.081032
-5.456959
-6.137291
-3.419857
0.627328
2.967318
-0.318485
-3.066309
-3.196192
-3.606625
-5.444222
-6.793456
-8.66768
-10.000289
-10.066269
-16.509551
-21.197842
-17.243653
-11.208464
-7.221286
-6.886444
-5.90426
-4.498915
-1.16713
3.952117
7.485741
9.532713
7.726808
5.341879
5.917006
11.391357
14.370376
13.736803
13.768496
6.699692
0.032749
-1.720943
-5.153256
-8.432825
-7.290105
-3.89156
-3.660885
-3.850774
-2.855602
-0.665758
1.268475
-1.54559
-3.315388
-3.63698
-8.798827
-15.030139
-20.108601
-26.34329
-29.782616
-27.849163
-26.051568
-22.808884
-17.367264
-11.502743
-8.103938
-8.036657
-7.952751
-10.472239
-10.424701
-6.746386
-3.357972
-2.321757
-4.394964
-4.654991
-1.738056
0.753899
0.562711
1.111861
2.98323
3.748248
3.48926
4.381044
4.755371
3.822545
1.760768
-0.929647
0.568435
4.667574
7.03536
3.71215
-0.776119
-1.224997
-1.495675
-1.092774
-0.507256
0.695211
-0.208001
-0.652203
4.577186
6.842623
9.446537
12.660387
10.692906
9.662927
9.819049
10.510552
10.545881
8.185891
4.1239
-4.558841
-13.968154
-16.929767
-18.384467
-18.355372
-12.331612
-8.421065
-5.297874
-3.310649
-6.066266
-6.983505
-9.792115
-11.951825
-7.873467
-2.605373
1.758469
4.137425
2.606354
-0.264341
-3.279985
-8.8811
-12.5072
-12.003769
-8.761085
-5.741022
-5.486448
-3.364923
-0.346419
-0.065608
-1.526542
-0.477079
4.772312
8.059676
8.671691
12.335978
15.227196
13.245168
9.754407
4.81648
1.662379
1.048548
-1.089861
-1.809417
-3.867557
-7.567171
-9.221372
-11.677737
-14.003957
-16.853091
-15.517363
-9.566599
-4.711276
1.969956
6.83567
8.25842
8.277124
7.158825
7.044268
6.502912
5.825179
5.179657
-0.357036
-5.640974
-4.645543
-2.641172
-0.781233
0.377073
1.679291
0.112891
-6.172712
-13.048768
-20.555021
-21.822688
-16.083374
-10.909835
-6.176084
0.015486
2.572642
-3.263563
-7.008376
-4.045982
-4.931789
-9.599558
-16.531205
-20.610859
-17.593653
-13.41009
-9.594098
-12.020589
-11.939281
-4.960615
-2.399042
-3.200945
-3.624885
0.260465
3.522891
6.05511
6.215907
2.343288
6.045761
9.833957
10.800295
13.520326
16.245552
22.443096
25.490954
25.513295
27.352973
23.945598
14.549533
6.460361
2.536308
4.139077
11.081635
15.435607
12.650636
6.003435
-0.63857
-6.662068
-9.722912
-8.925683
-7.182899
-6.220458
-5.70222
-5.083712
-6.231365
-5.865092
-2.940364
2.139399
7.64596
9.601235
7.923914
0.738994
-7.501623
-17.739336
-28.863376
-27.388673
-20.800438
-19.926318
-18.943875
-17.093287
-15.507662
-13.514982
-9.917195
-4.612993
0.266749
5.166752
5.497178
0.8611
1.070734
8.923779
17.26311
22.478471
25.602961
25.771811
23.456241
20.857004
21.6015
24.692219
25.851824
23.419359
16.925421
9.62984
3.883255
-1.677856
-5.703998
-6.087154
-5.244986
-6.374716
-8.08165
-7.796683
-8.287644
-7.439241
-2.586515
-0.726316
-4.271887
-7.325978
-8.926927
-14.052666
-17.238199
-12.42392
-6.636029
-5.167301
-5.836981
-4.547492
-0.214043
4.515553
7.465998
6.673187
5.080031
3.86224
-0.017653
-3.566341
-3.852085
0.957
6.03936
10.442947
15.867681
18.917098
19.479237
14.050348
10.92638
12.906072
12.071179
10.390222
6.074438
-0.634847
-4.665924
-3.871033
-0.681862
3.108673
7.878013
10.622462
10.366072
8.531592
4.106966
1.105868
2.14598
0.768691
-2.736616
-4.873726
-3.930508
1.343821
7.784248
9.07114
7.248869
7.733337
4.794583
0.801951
0.478801
2.621108
5.81028
7.078727
5.147614
2.285751
3.210786
2.498763
-0.727034
-2.20849
-4.014655
-6.825603
-8.938814
-7.269284
-2.021192
3.662271
5.518834
6.931712
8.43499
6.643372
5.641188
3.085333
-1.013285
-3.387822
-5.129565
-6.536987
-7.812187
-7.774779
-7.684119
-4.983831
1.323595
5.294149
7.412038
7.42165
4.384704
1.198652
-3.025433
-6.111995
-3.392224
-0.382552
-2.265089
-4.462724
-1.795426
3.07912
3.907261
2.142398
0.095428
-0.14044
1.508568
-0.16122
-5.887283
-11.819602
-13.766042
-13.225204
-11.005746
-5.947025
0.127389
4.991285
4.235101
0.246626
-2.821752
-6.612804
-8.684452
-7.330021
-6.631245
-8.535602
-8.125428
-4.331776
-1.998799
1.324932
5.702282
7.710809
9.32241
9.522432
6.360538
-2.692893
-12.832932
-17.375753
-19.357262
-17.778391
-14.555969
-11.373292
-7.167648
-3.816901
1.225456
5.062489
6.68552
8.560525
8.115544
7.435992
8.302579
8.677425
7.041148
5.822837
4.310469
1.916189
3.352447
3.422326
-0.995547
-2.978874
-1.774329
-1.487804
-1.654574
-4.17614
-9.936753
-12.616777
-10.701767
-10.099364
-11.864227
-9.527354
-4.586047
1.459533
7.484591
8.764988
8.094788
6.554365
3.97487
0.872463
0.839214
5.055508
6.674383
5.29034
3.448327
1.583194
0.897667
1.64528
2.202484
2.249762
2.371075
0.274749
-3.58696
-7.677785
-11.872256
-14.706843
-16.405464
-14.891796
-9.812293
-5.859663
-4.108047
-3.845421
-2.170436
0.278397
0.582067
2.767236
5.497917
7.568268
10.637427
11.26243
10.04386
8.559547
6.760395
2.357589
-3.106108
-2.165488
1.098757
0.320233
-1.576071
-0.631035
1.303458
1.948982
3.699559
2.588793
-2.283933
-6.287216
-9.462098
-10.692358
-9.255321
-5.39361
-1.18381
-1.65347
-6.056795
-8.026354
-9.133484
-11.119928
-9.614572
-9.660031
-11.471651
-7.938027
-2.588106
-0.349685
-0.086279
2.371386
5.752527
8.557761
12.02982
13.546087
13.514915
12.617938
9.928821
4.120152
-1.513694
-1.121963
2.981592
5.91697
7.331148
10.234835
11.884362
10.466809
6.28091
-0.070415
-2.060496
-2.629646
-4.01239
-4.70545
-6.522266
-5.735947
-3.613383
-3.566883
-3.340884
0.917752
3.833648
2.908356
4.689326
3.869759
0.538756
-0.758265
-3.117995
-5.129378
-6.624601
-8.517009
-9.884686
-10.633077
-9.423596
-8.154109
-9.838184
-8.080333
0.060535
5.519299
7.133498
8.240629
7.632254
7.142592
5.743483
3.281923
2.942148
5.209403
8.926683
8.693413
4.916388
1.430823
-3.748429
-8.982232
-10.085206
-7.31478
-4.495777
-3.340588
-3.089132
-3.032761
-2.104869
0.104198
1.082485
-0.470407
-1.778857
-3.810761
-4.260937
-0.647824
1.174968
3.021659
5.780915
5.647395
5.268395
6.639451
10.235419
12.356425
10.750801
8.569011
8.681751
9.744203
6.194475
2.077934
3.015437
4.523131
3.474449
2.070405
1.581263
2.113528
1.796352
-2.162769
-7.597633
-9.831117
-8.266274
-7.490606
-6.404775
-2.724642
0.686112
2.662168
1.466457
-1.827399
-2.661773
-2.284589
-4.31909
-4.367666
-1.686341
-1.938314
-3.213254
-3.256115
-3.745257
-4.019831
-1.801672
1.347756
2.580355
1.52388
-2.263795
-4.936806
-4.605601
-5.059155
-4.315958
-0.171879
3.102497
2.537762
-1.898553
-6.906358
-8.059987
-5.109022
-0.539704
2.287612
4.243665
5.034399
0.377281
-5.58647
-6.352784
-5.748044
-6.676713
-5.207724
-3.843422
-4.020063
-4.196964
-6.122623
-6.987649
-4.967693
-0.374216
3.405408
2.230479
1.248298
3.452429
5.273923
5.006103
4.066004
4.09432
2.999659
1.371434
1.812521
4.877784
10.701522
13.747302
12.480674
10.820239
7.729521
4.197457
1.045954
-1.9593
-1.534579
0.947505
0.722287
-0.530573
-1.311174
-4.339808
-6.426522
-7.932136
-8.597141
-4.295383
-0.334441
0.973232
0.842829
1.157928
2.750567
2.876815
0.507992
-1.795109
-1.137896
-0.712135
-0.242733
1.397442
1.607336
-0.145577
-2.439067
-3.410079
-3.379165
-3.013411
-1.489352
0.380718
-0.497296
-1.437915
-0.755763
-1.685991
-3.674774
-5.348198
-8.039392
-9.456945
-5.97995
-2.478018
-1.740536
-2.341378
-2.112262
-1.88964
-4.095588
-3.641772
-0.74432
2.9953
6.305524
6.40008
7.085868
8.77566
6.773629
0.765198
-2.98559
-3.55474
-3.771905
-3.207688
-1.415029
0.917948
1.349423
0.153972
-1.949108
-2.208096
1.72713
5.94732
6.209947
6.002133
8.341864
7.862333
7.290066
6.99497
2.088734
-1.680237
-1.814796
-1.517621
-0.536217
3.124694
7.712716
9.770338
8.486566
3.933875
-1.647498
-5.153844
-7.603455
-8.191309
-5.378541
-1.410065
3.962975
7.702855
7.597131
6.500132
3.501632
-2.377955
-7.19483
-8.698886
-8.431583
-4.689885
0.854862
3.460855
3.829207
2.245143
-1.206133
-2.336902
-1.617863
-1.423556
-0.196931
1.414151
3.702967
5.93957
6.871878
5.731758
2.190602
1.017751
2.545447
3.709988
4.36902
5.291717
5.661627
3.895206
3.200068
3.760389
2.963681
0.585767
-2.809659
-3.694687
-2.993053
-2.113997
-0.374331
0.269895
1.548473
2.989147
1.873185
1.069205
2.462081
3.57207
3.667406
2.665742
1.352616
2.990194
4.703365
2.789136
-0.389903
-2.350111
-2.630399
-0.872289
1.380679
1.899956
3.040598
5.756473
7.007256
4.118118
-0.290402
-2.63169
-3.095115
-1.364799
0.765298
1.918149
4.04513
6.346675
6.011835
6.213416
6.394475
3.567422
2.107267
0.99702
-1.983296
-4.167943
-3.257196
-1.323223
-1.273087
-1.066051
0.420862
1.97973
1.087948
-2.347222
-4.087407
-3.043658
-3.254329
-4.153125
-3.95596
-2.382545
1.796862
4.935899
5.746635
5.175926
4.83693
4.933824
2.963226
0.023433
-3.719562
-6.42946
-6.426601
-5.29687
-1.407883
4.607044
6.838971
4.462875
-0.286981
-6.679089
-11.013056
-13.041323
-14.892428
-13.790232
-8.014811
-1.49983
2.005219
1.944954
-0.208521
-1.197456
0.063978
0.273352
-1.247329
-0.621287
0.061644
-0.379961
1.983409
7.001347
11.840824
12.95497
10.033101
5.056208
-0.523086
-3.773821
-3.87487
-3.577175
-3.232981
-0.689073
2.849227
4.736442
4.913345
3.773484
1.555586
-0.446444
-1.462655
-2.941253
-6.504489
-10.758967
-11.323442
-7.829302
-5.140963
-1.860873
1.548582
1.928624
2.230215
1.456627
-0.612943
-2.585359
-4.739874
-7.162468
-9.848208
-10.429568
-8.742634
-4.740648
-0.156263
-0.107166
-3.79535
-5.054704
-3.527007
-3.307503
-4.12629
-5.154191
-5.749838
-5.196531
-3.928083
-1.562895
3.60337
9.792082
10.942595
7.308183
2.12997
-0.928017
-2.171785
-5.10846
-5.240421
-0.948275
5.318887
10.48749
11.659564
10.219412
7.257799
2.330002
-2.691571
-4.034829
-3.453987
-2.005521
1.754361
3.899006
2.961505
3.063335
2.247145
-3.844931
-9.648406
-9.520859
-5.274431
-0.552889
3.863167
8.189863
10.448805
10.509073
9.717561
9.049179
7.715791
6.612817
7.154694
6.705816
6.113027
5.599207
2.223004
-3.1438
-6.908616
-8.351366
-8.23317
-5.886166
-3.860755
-3.769056
-5.458845
-6.29192
-4.04077
-1.720522
-1.174229
-2.103938
-1.973273
-2.134588
-4.11298
-5.27544
-5.75627
-7.614908
-9.717988
-8.473959
-5.899658
-3.370037
-0.504276
2.923623
7.099653
10.75225
15.385732
19.173409
19.390576
16.097499
11.096708
5.545987
-0.48868
-2.421093
-0.176437
3.234576
7.054984
7.925208
6.381408
4.59992
2.76596
0.425192
-2.087022
-1.895832
-2.100788
-6.099914
-11.440482
-15.72899
-16.314766
-15.754445
-15.934983
-13.263529
-9.638986
-7.460051
-5.493348
-1.427199
4.062737
8.814153
12.033198
12.208023
10.358996
6.420395
1.2227
-2.137137
-1.857886
-0.380065
-0.091462
0.236626
0.263383
0.414049
-0.195625
-1.452121
-0.18757
2.560775
3.196169
3.680637
5.713841
7.208287
8.266842
8.506609
7.019179
3.076163
-2.223881
-7.330918
-10.208106
-9.525695
-8.213866
-7.703681
-8.337254
-8.231527
-4.595555
0.230675
4.430084
7.018153
7.70446
8.763535
8.148146
6.837098
6.811642
5.050936
2.480014
0.814643
0.984012
1.13364
1.354184
3.204771
2.521583
-0.38444
-1.751858
-2.685463
-4.872448
-6.625361
-7.044365
-5.647333
-4.27238
-3.511519
-3.288897
-5.427825
-6.580674
-9.42669
-14.21603
-17.202062
-20.006775
-19.971965
-17.383637
-12.996675
-8.062382
-6.081651
-6.624565
-7.897167
-6.81861
-3.719318
0.505809
3.790835
3.374168
3.458074
5.613889
7.181589
8.349767
9.878502
10.558316
10.538834
11.223843
10.186071
9.138948
10.55884
9.83253
8.150534
7.075355
4.404422
2.218476
1.057055
0.177482
1.603349
4.991243
5.907445
5.103205
3.68799
0.36426
-2.576052
-4.025815
-3.551738
-2.535785
-1.538275
-0.208782
0.304521
0.948227
1.433734
1.913786
3.961797
6.155278
4.489907
0.036187
-1.124715
-1.068344
-3.733562
-6.046015
-6.828175
-5.840796
-5.351912
-7.470319
-6.323442
-2.018567
0.564566
1.117093
0.299864
-0.190317
-0.99196
-1.567604
-1.206266
-1.185224
-0.050297
-0.398905
-3.27947
-4.448165
-4.640652
-4.641171
-3.817705
-1.157161
5.403279
10.569804
9.442152
6.085172
3.954037
2.6539
1.869661
0.668236
-1.1491
-2.226097
-2.113356
-1.108313
0.86982
2.982254
4.422408
7.228682
10.364602
11.302365
11.977503
11.527326
9.053037
7.729521
5.977907
2.47208
0.791642
1.838508
3.394259
4.189409
3.577137
2.998375
4.654657
4.682453
2.288173
0.197561
-1.34494
-1.942145
-3.264623
-4.767119
-5.581231
-5.905161
-6.301306
-7.597287
-8.625188
-8.836897
-7.563514
-5.998931
-4.898813
-3.910655
-3.573215
-3.02978
-1.38285
1.721897
3.661845
2.659401
1.017669
0.982601
1.524738
0.77427
0.896881
1.97362
3.279994
4.834966
5.960281
7.308218
6.726858
4.524027
2.097796
-0.790822
-0.981231
1.866086
3.827854
3.052448
1.040806
0.126943
1.123934
3.629656
5.357893
4.040611
2.946989
2.770867
0.859236
-0.660665
-1.885989
-2.809723
-3.354196
-6.130075
-9.687855
-11.249579
-10.874213
-9.863456
-8.248997
-6.099157
-4.406508
-3.957628
-3.647464
-3.210533
-3.300152
-3.147148
-3.199101
-3.086101
-2.904262
-4.230376
-6.90001
-6.862083
-2.34212
2.184337
5.257392
8.353827
10.441582
10.535879
8.99104
5.82473
3.410188
1.750532
-1.452665
-4.835622
-6.546712
-5.2167
-2.448612
0.083087
0.994614
-0.956502
-3.606653
-4.058908
-3.360651
-2.514066
1.209188
4.53214
5.880856
6.8407
6.772642
6.577817
5.60109
4.317058
3.179276
3.572825
4.077555
2.417639
2.371661
2.785732
1.325838
-0.621122
-1.337041
-0.707623
-1.753967
-3.413883
-3.799118
-3.408426
-3.441675
-4.739994
-4.185649
-1.457045
0.333276
-0.198208
-1.794741
-1.971902
-2.410389
-5.526824
-8.021894
-6.885408
-3.61415
0.88685
5.894138
9.020705
9.479716
9.503876
8.363755
5.680354
4.750126
4.748048
4.005373
3.574938
4.13344
4.320215
3.66586
2.340525
-0.311445
-1.851088
0.341874
3.801204
5.435665
5.245775
4.489072
4.227227
3.149451
1.539411
0.647109
0.749718
1.277308
-0.353514
-3.734133
-7.612987
-10.38471
-10.790726
-9.854781
-8.133038
-7.448809
-8.253569
-9.681512
-11.279344
-12.444661
-12.732743
-10.612257
-7.751172
-6.752883
-6.169962
-4.132861
-1.014866
0.892611
1.899472
3.108173
3.346901
2.688131
2.151971
2.530973
2.190418
0.081104
-1.851829
-2.998443
-3.710206
-3.708906
-4.266367
-5.681063
-5.264913
-4.133883
-3.354838
-1.081868
0.964845
0.500381
-0.300223
2.088084
6.256062
6.867296
3.251588
0.450771
-0.242808
0.014622
1.612196
4.273
6.352443
6.027474
4.44445
2.427093
1.455302
3.16016
3.834519
2.694658
2.513081
2.397745
2.46087
3.097302
4.066497
4.475892
2.533089
-0.132389
-2.227416
-2.517316
-1.699566
-1.965307
-2.625377
-2.838905
-1.036894
3.166412
7.025525
8.166167
8.366449
8.196562
5.789553
2.988217
1.903167
1.525726
0.286374
-1.601359
-2.144013
-1.301844
-1.682144
-2.567172
-3.132946
-4.366323
-4.598294
-4.251244
-4.821173
-5.456305
-5.862062
-5.788027
-3.647278
0.884114
4.815443
5.70385
4.251749
2.435972
1.983457
2.147372
1.72525
1.481329
0.089233
-3.11812
-5.97167
-6.732529
-5.815548
-4.305256
-1.585744
1.687073
4.935471
6.648122
6.320556
5.724649
4.377234
2.366112
0.065088
0.511111
4.004731
5.184857
4.011746
2.693945
1.354063
0.084838
-1.174776
-1.726003
-1.10152
-0.548992
0.119911
0.945974
0.857394
1.157167
2.132077
2.976584
2.986976
1.674369
0.73479
1.009365
1.361871
1.802179
1.90271
0.692452
-0.789003
-2.667644
-3.606704
-2.310981
-1.906521
-2.394364
-3.881015
-7.151232
-8.927784
-8.168741
-5.826413
-3.126644
-1.398667
-0.731322
-0.603775
-0.823797
-1.337098
-1.451655
-1.10928
-0.891073
-0.311271
0.817682
1.663227
3.057922
3.505503
2.072884
1.00472
0.702351
1.17409
1.363982
1.730515
3.491483
5.023595
4.530816
2.866484
1.966129
1.975222
2.156541
2.163036
3.031961
4.149484
4.313138
2.920524
-0.260074
-3.009716
-4.853029
-4.910696
-2.814888
-1.375772
-1.406424
-3.135958
-5.054862
-6.069515
-7.482392
-8.3456
-6.713996
-3.122704
-0.36085
0.782649
0.485216
0.007244
0.431706
1.024497
1.393888
-0.009118
-2.491719
-4.014737
-5.068874
-4.977955
-2.487039
0.184675
1.650027
3.521136
5.16313
5.525507
5.841906
5.357959
2.074753
-2.208819
-4.068237
-3.475185
-2.133223
-0.63618
0.956978
2.120999
1.823046
0.799561
-0.295619
-2.14075
-3.736763
-3.522454
-2.07009
-1.259353
-0.776704
0.152227
0.98972
1.381451
1.569264
2.501832
3.531293
3.724302
2.616393
0.888158
-0.03142
-0.54446
-0.246246
0.143667
0.506564
2.453785
4.886253
6.239125
6.560978
5.6653
3.500654
2.061801
1.366663
0.359803
-0.77668
-2.556869
-3.968966
-4.137035
-3.915712
-3.325778
-2.396068
-1.498309
-1.136451
-1.642738
-1.864579
-2.24306
-3.694901
-5.310137
-6.264784
-5.659523
-3.555402
-1.283471
-0.403636
-0.862125
-0.518452
0.592057
1.148481
1.223295
0.377232
-0.8616
-2.073936
-2.671142
-1.278265
-0.272702
-0.989141
-1.129935
-0.662611
-0.661571
-0.051375
1.700241
2.899331
2.924529
3.339899
4.352475
4.602633
4.099463
4.40651
5.65002
6.903661
8.978948
10.361434
8.942322
6.104359
2.57853
-0.765202
-2.144049
-1.384487
-1.031461
-3.535103
-7.750616
-11.839362
-14.089471
-13.387317
-10.072158
-5.359707
-2.00922
-0.7761
-0.535035
-1.918558
-3.988647
-4.673395
-4.82302
-5.277613
-6.26525
-7.851132
-9.167635
-8.908645
-6.009634
-3.093478
-2.353918
-2.300405
-2.176235
-1.368616
0.787199
2.743513
3.351371
3.439173
2.925613
1.160231
-0.523064
-0.899727
-0.786207
0.11389
1.392209
2.481936
3.797662
4.343435
4.172249
2.181648
-1.000248
-2.669516
-3.176842
-2.775239
-1.968139
-0.988813
0.173129
0.244826
-0.872694
-2.307132
-3.121763
-2.562222
-0.89581
0.134171
0.84152
2.199848
3.393482
4.320855
3.683905
2.143742
1.209357
0.300171
0.19029
1.541084
3.76288
5.851415
7.159347
6.350691
3.804706
1.347563
-0.133893
0.418375
1.444199
1.368348
0.98701
1.027794
1.49252
2.795517
4.137998
3.516894
2.592641
2.750061
2.978918
2.449512
1.71385
1.734892
1.69411
1.787367
2.446399
2.913723
2.10039
1.104441
1.003133
0.58153
0.50412
0.480742
-0.583266
-1.949644
-2.914421
-3.543578
-4.027785
-4.762927
-6.572989
-8.437602
-8.367724
-5.499885
-1.268264
1.700105
2.146647
1.420337
1.565548
2.178341
3.107532
4.332079
3.916971
2.043266
1.050694
1.52607
3.223654
4.397546
3.52135
1.512826
-0.64013
-1.499182
-1.347736
-1.849607
-2.166263
-0.901192
1.239557
3.38602
4.672651
4.458084
2.904673
0.890433
-0.09019
-0.82767
-1.43085
-1.005609
-0.77909
-1.217578
-1.524882
-0.867149
0.175301
-0.362418
-1.248745
-1.101975
-0.606077
-0.000817
-0.704008
-1.867247
-1.976868
-1.351866
-0.210964
0.616398
1.100086
1.874196
2.983666
3.863241
4.118334
3.531259
2.252423
0.557438
-1.176252
-2.224934
-2.337673
-1.128971
0.731228
1.567681
0.912548
-0.335117
-1.052075
-1.85112
-2.671467
-2.158684
-0.819839
0.162085
-0.512531
-1.759936
-1.930603
-1.019595
0.63149
0.892298
0.435108
0.43355
0.7819
2.548583
4.520222
5.375379
4.89455
3.425823
1.699926
0.021046
-1.244802
-1.786417
-1.572367
-1.627177
-1.720952
-1.183232
-0.730975
-0.161563
0.34057
0.00547
-0.471203
0.518514
2.764468
4.328532
4.84651
4.457638
3.307907
2.438464
1.51551
0.586581
1.219896
2.948652
3.71367
2.944498
1.951406
1.919975
2.012973
1.371607
0.852852
0.552821
0.407352
-0.218688
-1.350496
-1.331272
-0.939022
-0.969414
-1.788721
-2.796359
-2.429826
-1.257233
-0.197119
0.310209
0.784286
1.179394
1.153419
1.3989
2.328091
3.173377
2.61176
1.601783
1.406438
1.132904
1.038349
1.219668
0.874178
0.403739
-0.640267
-2.059638
-2.832187
-2.875048
-2.509553
-1.958844
-1.05641
-0.312693
-0.294249
-0.970943
-2.259651
-3.47978
-3.661876
-3.092204
-2.260426
-1.298245
-0.446205
0.562475
1.212415
1.314765
1.657659
2.089135
2.087058
1.266971
0.095679
0.015411
1.05916
1.579995
0.950579
-0.005626
-0.601013
-0.946244
-1.591506
-2.117016
-1.147041
0.451052
0.504565
-0.405661
-0.415791
0.688224
1.834061
1.862377
0.10271
-1.767099
-2.615759
-2.592899
-1.197684
0.096221
0.704078
1.21842
0.436
-1.596943
-2.462229
-2.877597
-4.121624
-4.168901
-3.212175
-1.931258
-0.290563
1.215832
2.861463
4.255638
5.28406
5.998683
5.726967
4.536971
2.715999
0.72358
0.676043
1.916436
0.935553
-1.402617
-2.92018
-3.5683
-3.416335
-2.238287
-0.691627
0.087937
0.736579
0.96024
0.053131
-1.012176
-1.800831
-3.315796
-4.945319
-5.025327
-4.392531
-3.773244
-3.689338
-3.960794
-3.943648
-4.475392
-5.121174
-4.564231
-2.882233
-1.453508
-0.102714
1.688647
2.74928
2.90696
1.671765
-0.902794
-2.273589
-1.493505
-0.746931
-1.801587
-3.027951
-2.568161
-0.982017
0.5449
1.679567
3.047506
3.733814
3.279481
2.595513
1.507606
1.174065
1.641908
0.62232
-0.806922
-0.448702
0.851957
1.557748
1.593077
1.817777
1.696207
1.462157
1.916232
1.635944
1.488916
2.543315
2.357582
0.701822
0.148258
0.567264
1.184734
2.701
3.995165
4.110763
4.240647
5.063074
5.279721
4.555749
4.026862
3.826323
3.467844
2.283563
0.595852
-0.373601
-1.192389
-2.706315
-3.501984
-2.765281
-0.850271
1.117992
1.752346
1.537519
0.969408
-0.234096
-1.902325
-2.745271
-2.313795
-1.722822
-0.312801
2.002771
3.719319
4.746702
4.968025
4.171318
2.664665
0.977733
-0.213822
-0.226809
0.787066
1.403496
1.917578
3.049907
2.901321
0.392743
-3.538584
-7.630187
-9.705732
-9.058909
-6.567733
-3.274914
-0.692041
0.660052
0.468604
-0.716716
-1.340677
-1.822806
-2.786804
-2.513787
-1.125066
-0.611504
-0.476164
0.041814
0.919831
0.990489
-0.149892
-0.067804
0.623959
0.815669
2.139967
4.310588
6.086882
6.412632
4.734013
2.724449
1.636282
1.325341
1.420677
0.808405
-0.085196
-0.201571
0.232243
0.980115
2.176348
2.764203
1.77345
0.783735
0.787372
1.293661
1.388477
0.759061
-0.177661
-1.553132
-3.581399
-5.035059
-4.745417
-3.985075
-2.824691
-1.945635
-2.149552
-1.062422
1.034685
2.730971
3.481441
2.922422
2.374312
2.112727
1.698918
2.130133
3.801221
4.510129
3.426378
1.376291
-1.487909
-3.947651
-5.46963
-5.954616
-4.805402
-2.496324
-0.139708
1.577099
2.969976
3.691092
3.583809
3.305858
2.114824
0.598299
-0.380765
-1.745844
-2.565151
-2.338633
-1.877804
-0.759762
1.205384
3.343275
4.688874
5.025014
4.33689
2.762957
1.181491
0.280617
-0.395298
-1.715178
-2.68567
-3.213258
-3.93697
-3.904239
-3.356387
-3.362361
-3.673822
-3.839812
-3.839032
-2.451091
0.054631
1.378669
1.326977
0.742759
0.036451
0.272841
1.324643
1.909381
1.90107
1.570386
1.247236
1.384914
2.543999
3.729321
3.19394
1.252955
-0.389296
-0.612956
-0.646465
-0.98676
-1.104174
-1.765802
-3.09919
-4.557266
-5.609845
-6.323686
-6.999601
-7.410033
-6.986611
-5.762064
-4.977823
-4.379057
-4.174619
-4.862224
-5.010291
-4.553358
-3.765481
-3.315302
-3.339979
-2.860446
-2.164527
-0.444083
1.813821
2.712359
2.795745
2.584815
2.547149
2.790813
2.347909
1.13895
-0.514472
-1.989952
-3.204886
-3.448547
-1.637185
0.58669
2.259856
3.324645
3.89198
4.515424
4.051739
2.833948
2.009186
1.78111
1.776695
1.293528
0.784124
0.036253
-1.001259
-1.365453
-0.62927
0.752177
2.365857
3.723664
4.063702
3.746006
3.25037
2.271566
0.961817
0.237845
0.027953
-0.025298
0.347989
1.191716
1.559808
0.688548
-0.490538
-0.735498
0.578149
1.860625
1.698271
0.876106
-0.587685
-1.727026
-1.454269
-0.955514
-0.453641
0.277347
-0.042167
-1.254243
-1.265152
-0.691843
-0.813154
-0.759641
-1.150591
-2.100301
-2.304218
-2.49073
-3.507981
-4.30209
-3.859185
-2.950256
-2.56372
-2.068342
-1.417882
-0.840417
0.263078
1.622704
2.280697
1.955469
1.126031
0.296593
-0.675458
-1.531652
-1.466189
-1.119138
-0.899633
-1.087964
-1.496318
-1.961302
-3.043234
-3.702005
-3.597318
-3.2352
-2.491484
-1.638924
-1.710359
-2.142093
-1.854788
-1.287714
-1.240695
-1.521763
-1.068987
-0.635952
-0.062644
1.3001
2.287998
2.80208
2.787274
2.103566
0.827067
-0.306819
0.036076
1.079305
2.069022
2.267226
1.696776
2.153969
2.663634
1.484549
0.07349
0.651994
2.219955
2.982634
4.039891
5.277686
5.145205
4.277321
2.895357
1.222712
0.393794
-0.001832
-1.023498
-2.213494
-2.0714
-1.839946
-2.761342
-2.980585
-2.364934
-2.292717
-2.672237
-3.142416
-3.241647
-2.834589
-2.749125
-3.212809
-3.505307
-3.173583
-3.483744
-4.523335
-4.71816
-4.35864
-3.688178
-2.860037
-2.409858
-1.836809
-0.874368
-0.015314
0.239259
0.426813
1.05779
1.336002
1.285089
1.630581
1.779429
1.18612
0.332524
0.134841
0.560602
0.498518
0.44163
0.520081
-0.094789
-1.018782
-1.888225
-1.840426
-1.335436
-1.851335
-2.416329
-2.35788
-2.081226
-1.759113
-2.170065
-2.317352
-1.587404
-1.226325
-1.037473
-1.024224
-0.975646
-0.916158
-0.853294
0.154347
1.672432
2.954128
3.588742
3.443273
2.702156
2.300815
2.287308
2.224965
2.208081
1.629059
0.776762
0.065778
-0.208536
-0.43791
-0.759502
-0.551167
-0.437388
-0.34387
0.102932
0.874703
1.496848
0.984587
0.553633
1.107459
1.121487
0.685598
1.025115
1.572707
1.544653
1.286445
0.888741
0.267377
-0.012652
-0.032653
-0.24696
-0.046938
0.002938
-0.765454
-1.700358
-2.407185
-2.251583
-1.658532
-0.673751
0.554692
0.79316
0.344022
-0.839999
-2.688766
-3.413777
-2.275993
-0.904417
-0.162
0.710042
1.178405
0.900194
1.018909
1.42259
1.119961
0.274677
-0.199658
0.140899
1.041255
1.691455
1.548324
1.35246
1.311677
0.959953
0.676027
1.242842
2.224766
2.506095
2.636759
2.709495
2.59364
2.681962
2.135151
1.319221
0.497317
-0.852696
-2.138806
-3.302825
-3.736637
-3.710399
-3.935877
-3.286976
-2.030477
-0.527979
0.651369
0.387705
-0.37731
-1.071149
-2.123988
-2.678591
-2.187889
-1.937731
-2.049431
-2.115411
-1.781348
-0.55784
0.460191
0.971675
1.16936
1.42705
2.097512
2.846164
3.742365
4.11773
4.056166
4.036685
3.58443
3.273489
3.321547
3.153218
2.84955
2.147398
0.908047
-0.245582
-0.837592
-1.511169
-2.430227
-2.502182
-2.269429
-2.652066
-2.562185
-1.808338
-1.425179
-1.197881
-1.18723
-1.46544
-1.971987
-2.277733
-2.243702
-2.850519
-2.707386
-1.589344
-0.77523
-0.353885
-0.293618
0.320734
1.234079
1.845314
2.046115
2.077548
2.902572
3.89047
4.288436
4.355976
4.357536
4.856811
5.472722
5.193992
4.387154
3.875931
3.270153
2.111849
0.88081
0.1093
0.050853
0.193467
-0.004735
0.389334
1.315667
1.753637
2.048215
1.903006
1.442438
1.201115
0.601831
0.315568
1.017721
2.012633
2.240451
1.576745
0.698211
-0.210197
-0.510747
-0.297217
0.128543
1.194372
1.896006
1.921984
2.256826
2.741554
2.784157
2.406715
1.812627
1.157233
0.482097
-0.197195
-0.579572
-0.481119
-0.186801
-0.0299
-0.46553
-1.286656
-1.40407
-1.109232
-1.566163
-2.22909
-1.920225
-1.567459
-1.714746
-1.886712
-2.085693
-1.695521
-1.553427
-1.813194
-1.360157
-0.912836
-0.581891
-0.05586
0.412763
0.962173
1.408195
1.506648
1.341697
1.441968
2.295826
3.198001
3.39101
3.126047
3.194887
3.720398
3.819631
3.465048
2.921615
1.945928
0.940627
0.320042
0.007023
-0.219494
-0.600313
-1.136733
-1.251809
-0.713569
-0.24105
-0.143376
-0.646546
-1.482997
-1.604568
-1.243489
-0.905011
-0.374044
-0.104144
-0.504446
-0.824219
-0.879809
-0.88864
-0.587827
-0.448331
-0.602632
-0.350656
0.811287
1.842047
2.07454
2.202866
2.06545
1.839193
1.119117
-0.174266
-1.242171
-2.19396
-2.71895
-2.720767
-2.574517
-2.265652
-2.081475
-2.12044
-1.866386
-1.840927
-2.22824
-2.488007
-2.803624
-2.801286
-2.675297
-2.634772
-1.611286
0.088117
1.032115
1.070821
0.976786
0.87262
0.933666
1.18824
1.123039
1.091089
0.987962
0.414655
-0.086436
-0.182809
-0.132413
-0.13553
-0.250346
-0.801313
-1.823239
-2.731127
-3.079475
-3.026481
-2.786974
-2.480966
-2.24094
-1.81466
-1.219271
-0.697916
-0.608554
-1.361621
-2.45862
-3.504704
-4.365834
-4.653915
-4.198281
-3.330915
-2.258852
-0.965467
0.213621
1.243082
1.784699
1.950172
2.118763
1.97771
1.595852
1.056575
0.679392
0.400403
-0.033409
-0.317334
-0.517354
-0.564891
-0.276288
-0.027429
-0.005348
0.259616
0.557831
0.26923
-0.338107
-0.625149
-0.512409
-0.199648
-0.080153
-0.628003
-1.333791
-1.760589
-1.976455
-1.795136
-1.081553
-0.212628
0.358602
0.825926
1.507818
2.252054
2.698596
2.4939
1.501587
0.686177
0.645134
0.761511
0.753719
0.734497
0.703846
0.847239
1.491464
2.215958
2.534694
2.399875
1.809943
0.909589
0.010273
-0.337555
-0.314695
-0.364309
-0.221956
0.124316
0.750098
1.265738
1.05195
0.684899
0.250049
-0.552893
-1.491434
-1.925245
-1.485977
-0.882794
-0.58484
-0.546393
-0.629258
-0.730567
-0.667961
-0.373124
0.079393
0.339421
-0.245315
-0.955779
-1.081506
-0.812645
-0.350258
-0.182187
-0.169457
-0.25414
-0.73523
-1.094228
-0.717564
-0.058012
0.201238
0.43503
0.960801
1.395394
1.625029
1.414878
0.774291
0.316581
0.00564
-0.18373
-0.273089
-0.166583
0.097082
-0.064752
-0.105535
0.286976
0.830931
1.587895
2.324079
2.80517
2.937133
2.792183
2.470072
1.88066
1.190977
0.625463
0.42804
0.502854
0.226982
-0.065776
-0.266056
-0.415941
-0.166303
-0.203449
-0.713112
-1.138092
-1.376818
-1.331357
-0.858059
-0.279295
0.122567
0.322849
0.569629
0.869922
0.900056
1.121379
1.728198
2.325146
2.572446
2.60258
2.888585
3.121858
2.916123
2.385158
1.960438
1.778862
1.571568
1.161655
0.421317
-0.043147
-0.170432
-0.562161
-0.885311
-0.981684
-0.902194
-0.931547
-1.500438
-2.015557
-2.014517
-1.840991
-1.811376
-1.880214
-1.9171
-1.906968
-1.861508
-1.639925
-1.118829
-0.503178
-0.170674
-0.107809
0.042857
0.07403
-0.088324
-0.112481
0.100529
0.151964
-0.309902
-0.651236
-0.840346
-1.275716
-1.47158
-1.340656
-1.240645
-1.236747
-1.114396
-0.601093
0.203669
1.005573
1.645383
2.206742
2.543143
2.621334
2.834085
3.000597
2.921888
2.691735
2.172979
1.571098
1.231063
1.230025
1.624353
1.97582
2.037646
1.814766
1.127681
0.423711
0.031982
-0.258957
-0.689652
-1.173339
-1.581693
-1.794961
-1.888217
-2.205133
-2.528023
-2.796363
-3.053272
-2.959235
-2.625692
-2.307476
-1.946917
-1.443486
-0.998502
-0.725225
-0.442337
-0.38181
-0.438439
-0.505458
-0.845753
-1.137731
-0.96992
-0.36466
0.088636
0.53362
1.448783
1.996115
2.035081
2.132495
1.942346
1.917669
2.523709
2.67957
2.169907
1.621278
1.120186
0.500381
-0.225929
-0.718968
-1.055626
-1.175378
-1.09303
-0.960028
-0.617134
-0.340999
-0.14851
-0.071099
-0.306967
-0.553226
-0.662068
-0.677913
-0.63479
-0.571925
-0.766231
-1.195366
-1.086263
-0.795062
-0.894033
-0.698426
-0.29033
-0.291108
-0.828048
-1.434605
-1.579814
-1.715672
-1.835943
-1.562147
-1.306534
-1.038713
-0.79453
-1.027541
-1.422647
-1.564999
-1.6515
-1.864509
-2.067647
-2.212856
-2.300137
-2.348193
-2.426642
-2.513403
-2.300653
-1.629411
-1.112732
-1.02415
-0.997393
-0.881016
-1.022069
-1.279498
-1.218711
-1.281574
-1.558486
-1.822409
-2.000349
-1.988659
-1.790195
-1.662388
-1.842147
-1.692519
-1.123886
-0.596037
0.05728
0.74099
1.227277
1.580822
1.743957
1.934628
2.455983
2.725623
2.622496
2.60873
2.560674
2.494174
2.528984
2.697314
2.640426
2.186093
1.60863
0.999735
0.830367
1.132738
1.435628
1.537718
1.373806
0.953762
0.61009
0.537875
0.234467
-0.204539
-0.551848
-0.744076
-0.573667
-0.242202
0.046141
0.166415
0.518921
1.010403
1.091971
1.185229
1.525785
1.675932
1.642423
1.640086
1.449937
0.932221
0.13889
-0.636776
-1.151375
-1.288012
-1.115785
-1.137604
-1.288269
-1.145396
-0.944334
-0.758599
-0.234906
0.368536
0.610121
0.468289
0.256059
0.082795
-0.389722
-1.00615
-1.551922
-2.104447
-2.422402
-2.464743
-2.264721
-1.603091
-0.654418
0.040982
0.395566
0.608577
0.711186
0.767037
0.79847
0.839255
0.880559
0.81328
0.610922
0.508054
0.556632
0.374536
0.184906
0.311674
0.446754
0.647815
0.872775
1.043184
1.35153
1.544278
1.513107
1.271264
1.065789
1.060335
0.906553
0.601846
0.276098
-0.009645
-0.367345
-0.914675
-1.261464
-1.169765
-0.828949
-0.570998
-0.46683
-0.249144
-0.00626
0.070113
0.086999
0.182854
0.430674
0.524711
0.389373
0.75201
1.535471
1.970323
1.758613
1.002949
0.227283
-0.482921
-1.207933
-1.396523
-0.994921
-0.704759
-0.730995
-1.009465
-1.335213
-1.294688
-1.4373
-1.925663
-2.073729
-1.942026
-1.643811
-1.153369
-0.633832
-0.013765
0.656697
1.075184
1.256503
1.304302
1.191044
0.810485
0.339526
0.248868
0.146001
-0.342102
-0.975155
-1.466635
-1.335451
-0.72032
-0.236371
0.070416
0.361616
0.48189
0.340317
0.184717
0.23901
0.246025
0.156406
0.270704
0.442412
0.44605
0.193296
0.006265
0.249408
0.525802
0.644517
0.796482
0.849476
0.754402
0.573345
0.08706
-0.556124
-1.135925
-1.778071
-2.163825
-2.218116
-2.124858
-1.766637
-1.316458
-0.975642
-0.608589
-0.181789
0.211501
0.624273
0.884821
0.978858
1.061205
1.195506
1.509307
1.71972
1.804665
1.871167
1.795575
1.692968
1.652445
1.676604
1.41372
0.759626
0.169174
-0.119947
-0.178913
-0.484919
-0.912236
-0.918989
-0.951459
-0.905479
-0.526477
-0.282034
0.066056
0.469996
0.672616
0.848999
0.885628
0.855755
0.83991
0.760422
0.960185
1.525181
1.743907
1.477126
1.460242
1.840803
2.375147
2.829222
2.900399
2.658816
2.108629
1.220743
0.406371
0.067115
0.010227
-0.221745
-0.512164
-0.650879
-0.94
-1.423167
-1.681116
-1.807362
-2.013877
-2.055958
-1.926852
-1.535641
-0.853489
-0.285636
-0.11185
-0.145619
-0.048465
0.110774
0.252348
0.327422
0.292355
0.345608
0.392887
0.246119
0.158318
0.097793
-0.026115
-0.134437
-0.36563
-0.338093
-0.226652
-0.577078
-0.873212
-0.760732
-0.49265
-0.19028
0.132093
0.470572
0.814765
0.943611
0.986994
0.987254
0.909585
1.042067
0.982581
0.816591
0.812955
0.69684
0.860494
1.05688
0.861016
0.713469
0.694766
0.970381
1.503166
1.673575
1.608114
1.761118
1.826581
1.515899
1.09092
0.83505
0.764654
0.59009
0.296034
0.114717
0.093937
0.063285
-0.191806
-0.559377
-0.573143
-0.160891
-0.225572
-0.807971
-1.130861
-1.475572
-1.878731
-1.891199
-1.834828
-1.919512
-1.989129
-2.082904
-2.099009
-2.030948
-1.878204
-1.297102
-0.605339
-0.435969
-0.330243
0.011093
0.119417
-0.080603
-0.3292
-0.512335
-0.547923
-0.54948
-0.957834
-1.30904
-1.238382
-1.366446
-1.874032
-2.533062
-2.911803
-2.93622
-2.772825
-2.561113
-2.508899
-2.56319
-2.797759
-3.072333
-3.209749
-3.256766
-3.209747
-3.312614
-3.470552
-3.234682
-2.689168
-2.339
-2.261069
-2.173526
-1.909341
-1.223553
-0.328651
0.370905
0.991231
1.568177
1.9464
2.067453
2.203313
2.623878
2.881569
2.66778
2.371646
2.274234
2.298134
2.237349
1.927966
1.445318
1.194124
1.192306
1.14451
1.135679
0.926827
0.43119
-0.050678
-0.569953
-0.80738
-0.621126
-0.549429
-0.901673
-1.274179
-1.376007
-1.507449
-1.555505
-1.423282
-1.39081
-1.298332
-1.053629
-1.058304
-0.786846
0.068311
0.73046
1.285845
1.722516
1.774471
1.632119
1.186098
0.655134
0.533303
0.592272
0.745796
1.052063
1.142203
1.336251
1.620958
1.546925
1.478866
1.416263
1.271054
1.228713
0.909199
0.240038
-0.344958
-0.806045
-1.278043
-1.39234
-1.190239
-1.114646
-0.98554
-0.640048
-0.041542
0.431757
0.501635
0.433057
0.350972
0.399289
0.360585
0.161604
0.027824
-0.30208
-0.744724
-1.102683
-1.449472
-1.448432
-1.292311
-1.186064
-0.926036
-0.524434
0.135638
0.85
1.350055
1.522022
1.39136
1.169519
1.035999
1.133153
1.483581
1.895834
2.629419
3.733174
4.351942
4.775105
5.109168
4.853557
4.441307
3.82332
2.795938
1.964682
1.635817
1.215773
0.733645
0.305288
-0.238145
-0.572725
-0.717415
-0.816386
-0.801838
-0.712996
-0.835086
-0.983672
-1.177978
-1.438264
-1.411247
-1.274868
-1.001591
-0.808063
-0.653241
-0.340219
-0.154224
-0.013949
0.237508
0.657293
1.251643
1.866775
1.958474
1.733256
1.773002
1.609609
1.112933
0.78199
0.795499
0.768224
0.384808
-0.007961
-0.166938
-0.093682
-0.11706
-0.512945
-0.825445
-0.870384
-0.947275
-1.102875
-1.042348
-0.659189
-0.105363
0.257274
0.273641
0.318062
0.245588
-0.184587
-0.600994
-0.596317
-0.303558
-0.067947
0.173897
0.476009
0.664861
0.570046
0.45523
0.323009
-0.131324
-0.485387
-0.587475
-0.646701
-0.622541
-0.594485
-0.627215
-0.692935
-0.758396
-0.869835
-0.846196
-0.636822
-0.519406
-0.453943
-0.517066
-0.680719
-0.941005
-1.387026
-1.618218
-1.650428
-1.635621
-1.42235
-1.192714
-0.919178
-0.493157
-0.211828
-0.014663
0.252379
0.404864
0.356808
0.397593
0.484096
0.241734
0.017295
0.054703
0.208746
0.33967
0.458645
0.584633
0.449295
0.333959
0.438387
0.743096
1.35537
1.723722
1.775676
2.094153
2.573425
2.630575
2.038305
1.45175
1.42006
1.423178
1.26524
1.226795
1.163673
0.983135
0.45243
-0.420649
-1.180729
-1.620515
-1.975097
-2.389167
-2.410207
-2.398516
-2.631787
-2.433323
-2.051723
-1.725454
-1.232413
-0.897571
-0.821199
-1.005893
-1.302806
-1.181234
-0.970301
-1.007447
-1.001212
-0.807164
-0.467127
-0.337242
-0.612855
-1.092386
-1.233958
-1.008738
-0.707666
-0.239044
0.221525
0.654819
0.984466
0.968361
0.609623
0.035277
-0.599076
-0.793641
-0.594138
-0.654143
-0.286831
0.285179
0.188287
-0.039269
-0.098755
-0.070699
-0.087063
0.006974
0.088282
0.015028
0.100493
0.284929
0.261032
0.09634
-0.087315
-0.452288
-0.378253
-0.118485
-0.292528
-0.312789
-0.250184
-0.294603
-0.360064
-0.340061
-0.396949
-0.695162
-0.84089
-0.96324
-1.060912
-0.895439
-0.705547
-0.875694
-1.22664
-1.323013
-1.62772
-2.162321
-2.414295
-2.45222
-2.44053
-2.245183
-1.798901
-1.476268
-1.291053
-1.157271
-0.83256
-0.243925
0.073772
0.226776
0.322632
0.551748
0.641109
0.320297
0.325753
0.166776
-0.241838
-0.233785
-0.156892
-0.010642
0.296145
0.450708
0.542667
0.736974
1.091039
1.598626
1.687728
1.43939
1.369514
1.27444
1.261712
1.573694
1.864116
1.904641
1.945425
1.803853
1.372639
0.83518
-0.077644
-1.153342
-1.730545
-1.736259
-1.59936
-1.302185
-0.526776
0.53074
1.288484
1.603843
1.48539
0.768431
0.109921
-0.079449
-0.02178
0.292281
0.95391
1.646972
1.819979
1.779196
1.680485
1.113673
0.404507
0.403989
1.441503
2.95647
4.065161
4.374285
3.466917
1.335003
-1.116426
-3.183399
-4.214157
-3.881393
-2.284079
0.463227
3.493161
4.994621
4.510934
2.790752
0.329192
-2.021967
-3.952561
-5.219708
-5.738204
-5.602344
-4.514695
-2.412392
0.278545
2.287071
2.521643
1.450361
0.794967
1.113963
1.6787
1.70182
0.681972
-0.492438
-0.973527
-1.175106
-1.261607
-0.640501
0.552614
1.386729
1.403615
0.446112
-0.784668
-1.567867
-2.14533
-2.261965
-1.622156
-0.472941
0.845901
1.915107
2.253846
1.539744
-0.020421
-1.585521
-2.847993
-3.752504
-3.686781
-2.869291
-1.800345
-0.642558
0.524061
1.510141
1.970191
1.648599
0.661482
0.001932
-0.08457
0.208969
0.90281
1.546256
1.873565
1.627565
1.098419
0.767736
0.75293
1.198433
1.663678
1.638482
1.36183
0.976595
0.627727
0.386664
-0.248208
-1.090634
-2.041384
-3.090845
-3.659217
-3.451401
-2.436227
-1.168039
-0.435753
-0.470041
-0.877876
-1.246485
-1.735368
-2.351017
-2.426868
-2.060075
-1.942918
-2.079815
-2.172811
-1.604438
-0.360668
0.551378
0.823876
0.791406
0.492673
0.136792
-0.014132
0.195502
0.93714
1.750215
2.270791
2.761234
3.003338
2.626935
2.014663
1.512533
1.064434
0.968061
1.342388
1.891019
2.457833
2.782025
2.711888
2.362761
1.921676
1.745814
1.958046
2.142482
2.395757
2.688776
2.36043
1.650745
0.835075
0.278653
0.223064
0.032914
-0.19646
-0.157234
0.150332
0.369318
0.237097
0.510374
1.06368
1.276691
1.517237
1.82844
2.182505
2.464094
1.930532
0.985757
0.44622
0.233471
0.219185
0.250098
0.574029
1.119543
1.219814
0.842373
0.435837
0.428045
0.674306
0.820816
0.937972
0.927063
0.200493
-0.945862
-1.3498
-1.153415
-0.914947
-0.584261
-0.59517
-0.830259
-0.720636
-0.611013
-0.897796
-1.413954
-1.609818
-1.376546
-1.211592
-1.131063
-0.772842
-0.363966
-0.215378
-0.116405
-0.092766
0.069071
0.310136
0.15038
-0.170692
-0.29564
-0.104969
0.201558
0.476134
0.635632
0.792014
1.057497
1.07828
0.707072
-0.045734
-0.973105
-1.565894
-1.652396
-1.671618
-1.615766
-1.249233
-0.79282
-0.493826
-0.550454
-0.670466
-0.714366
-0.788139
-0.854639
-0.782942
-0.372248
-0.182356
-0.37874
-0.414067
-0.11923
0.330949
0.515645
0.286271
-0.302622
-0.80735
-0.946845
-1.053089
-0.946843
-0.432241
-0.043368
-0.108049
-0.220268
-0.343397
-0.569394
-0.681093
-0.958524
-1.268946
-1.116721
-0.776944
-0.691219
-0.838507
-0.746808
-0.404952
-0.218698
-0.184667
-0.052964
0.401891
0.587106
0.244993
-0.235057
-0.515086
-0.612238
-0.870706
-0.944739
-0.839792
-0.580802
-0.432734
-0.618207
-0.711723
-0.570927
-0.361553
-0.585472
-0.846019
-0.842641
-0.92109
-1.080586
-1.132279
-0.9959
-0.873288
-1.086297
-1.551021
-1.538811
-1.171758
-0.908872
-1.017194
-1.232541
-0.955887
-0.625981
-0.526229
-0.553244
-0.517135
-0.464661
-0.391405
-0.229049
-0.068252
0.274642
0.474665
0.607667
0.808728
0.921209
1.102268
1.081747
0.963294
0.769768
0.429733
0.259066
0.112818
0.049955
0.271018
0.77419
1.351395
1.827031
2.067837
1.865998
1.465697
0.707176
-0.34904
-0.958454
-1.09665
-0.905979
-0.383845
0.261679
0.86616
1.309325
1.840552
2.241634
2.145781
1.795615
0.981243
-0.02172
-0.551126
-0.442542
0.088425
0.690048
1.137889
1.245434
1.359473
1.471694
1.283363
0.758113
0.045831
-0.375772
-0.693207
-1.110393
-1.384448
-1.676426
-1.864757
-1.774876
-1.699802
-1.562124
-1.110646
-0.551365
-0.279387
-0.258605
-0.271592
-0.231847
-0.051047
0.150274
0.340685
0.673968
0.856586
0.722027
0.494731
0.185608
0.114952
0.241201
0.226914
0.410831
0.568771
0.474996
0.558382
0.689306
0.71944
0.700218
0.473961
0.056255
-0.312354
-0.353656
-0.177792
-0.07908
-0.040373
0.198614
0.520727
0.717113
1.091439
1.449141
1.399266
1.096897
0.878693
0.655813
0.220703
-0.013866
-0.061922
-0.044777
0.01549
-0.200116
-0.464039
-0.634966
-0.937594
-1.429334
-1.83509
-1.844441
-1.510898
-1.009545
-0.523259
-0.116461
0.238383
0.404635
0.356839
0.592709
1.277199
1.83648
2.247953
2.553441
2.626697
2.769311
2.851138
2.673198
2.311862
1.992089
1.610751
1.028871
0.806511
0.892755
0.81015
0.69897
0.607273
0.396342
0.350884
0.561816
0.783399
1.056676
1.301638
1.119282
0.778208
0.694564
0.42025
-0.29489
-0.805593
-0.848973
-0.907161
-0.901964
-0.927161
-1.130818
-1.338891
-1.767507
-2.248077
-2.472775
-2.30938
-2.134036
-2.319769
-2.36159
-2.292491
-2.39328
-2.673829
-3.059063
-2.904501
-2.51199
-2.345998
-1.976347
-1.706967
-1.675793
-1.752943
-2.02414
-2.028555
-1.716573
-1.250548
-0.722959
-0.327331
0.171164
0.59069
0.756683
0.700834
0.474317
0.390413
0.26079
0.20572
0.395871
0.623689
0.776953
0.571477
0.280279
0.147538
0.02311
-0.029102
-0.115084
-0.229901
-0.310947
-0.413815
-0.445505
-0.359781
-0.299254
-0.354584
-0.396665
-0.30029
-0.065719
0.117938
0.155086
0.113784
-0.018957
-0.205729
-0.332235
-0.266772
-0.187802
-0.20001
-0.117403
0.012742
0.319009
0.735678
0.769449
0.365251
-0.206757
-0.686807
-1.044507
-1.335965
-1.342718
-1.156464
-0.895656
-0.482364
-0.080762
0.322659
0.645811
0.673088
0.381889
0.019773
-0.137905
-0.273763
-0.467289
-0.47638
-0.431699
-0.460532
-0.456115
-0.512224
-0.40312
-0.296355
-0.589112
-0.85953
-0.841085
-0.808873
-0.925768
-1.085784
-1.217745
-1.151503
-0.908359
-0.710415
-0.48026
-0.243091
-0.150612
0.092012
0.483483
0.568428
0.389969
0.071754
-0.238148
-0.554285
-0.910166
-0.86003
-0.482846
0.000583
0.524796
0.830024
1.084598
1.330599
1.212406
0.818079
0.587406
0.63962
0.795742
1.047458
1.298654
1.38334
1.410876
1.326712
1.168774
0.918099
0.809517
1.155789
1.36828
1.480501
1.675068
1.814564
1.82002
1.510897
1.133196
0.653665
0.278042
-0.214737
-0.438656
-0.01887
0.261421
0.695494
0.818105
0.848759
0.951888
0.806678
0.736802
0.511064
0.468204
0.164276
-0.090036
-0.191344
-0.256285
0.032318
0.084013
0.225327
0.240395
0.020632
-0.169517
-0.399151
-0.4776
-0.609301
-0.700998
-0.695542
-0.712946
-0.67294
-0.826462
-1.035834
-1.11766
-1.232477
-1.196108
-0.93582
-0.682285
-0.672153
-0.73086
-0.653708
-0.58279
-0.493429
-0.338347
-0.278339
-0.207941
-0.005321
0.256526
0.52201
0.581497
0.551365
0.577863
0.438108
0.172627
0.106906
0.130546
0.023263
-0.094411
-0.203513
-0.188185
0.073142
0.452664
0.846993
1.207552
1.410172
1.548109
1.536161
1.43771
1.441607
1.18236
0.904669
0.916619
1.026762
1.133528
1.247047
1.268869
1.145999
1.050665
0.882077
0.726217
0.496064
0.193955
0.159407
0.146419
-0.029183
-0.309472
-0.62353
-1.000972
-1.408547
-1.553496
-1.50388
-1.588823
-1.66883
-1.632722
-1.64467
-1.483613
-1.322036
-1.352948
-1.306188
-1.241505
-1.317616
-1.476334
-1.491139
-1.358397
-1.122527
-0.890553
-0.751057
-0.540644
-0.24113
0.010586
0.048513
0.099688
0.310361
0.504409
0.590912
0.496877
0.388295
0.256074
-0.021617
-0.208129
-0.214362
-0.347103
-0.593102
-0.651809
-0.569721
-0.501401
-0.572317
-0.577511
-0.336705
-0.160322
0.009567
0.267777
0.336097
0.293237
0.182317
0.102049
0.316359
0.55145
0.629641
0.635876
0.696663
0.881879
1.00501
1.052548
1.172562
1.342971
1.379339
1.231013
0.94423
0.657187
0.538994
0.367028
0.084142
0.021279
0.03297
-0.095095
-0.307065
-0.605017
-0.809454
-0.846859
-0.812309
-0.668657
-0.523965
-0.588127
-0.732037
-0.822955
-0.847372
-0.723981
-0.600591
-0.587601
-0.461093
-0.12833
0.239243
0.650197
0.981662
1.151811
1.378329
1.653165
2.008009
2.297651
2.208032
1.9758
1.795782
1.580695
1.416263
1.344049
1.413927
1.539656
1.586415
1.713183
1.792413
1.748513
1.765399
1.51914
1.04948
0.74841
0.455133
0.330965
0.331746
0.112243
0.03847
0.174069
0.138742
0.038732
0.201867
0.421632
0.428647
0.289412
0.044192
-0.163881
-0.19687
-0.05062
0.043157
-0.061009
-0.082309
0.163432
0.27929
0.161356
0.019004
-0.205434
-0.171144
-0.086458
-0.332458
-0.438182
-0.307258
-0.344144
-0.509356
-0.441036
-0.18906
-0.07606
-0.245687
-0.403366
-0.404404
-0.437913
-0.423365
-0.522335
-0.837952
-1.004982
-1.023165
-1.051998
-1.184739
-1.352288
-1.552308
-1.863769
-1.89494
-1.679332
-1.518015
-1.365011
-1.215643
-1.255127
-1.428132
-1.433066
-1.451768
-1.629968
-1.776217
-1.81674
-1.789463
-1.722702
-1.63438
-1.518002
-1.415653
-1.302133
-1.21563
-1.239787
-1.226798
-1.228355
-1.215106
-0.987549
-0.596597
-0.421253
-0.493727
-0.494245
-0.452682
-0.290326
-0.254996
-0.391373
-0.287725
-0.103808
0.118294
0.510545
0.857336
0.963582
0.999431
0.993457
0.799411
0.565881
0.350275
-0.006386
-0.270569
-0.193417
-0.100419
0.077263
0.383271
0.308199
0.16221
0.332879
0.423019
0.34483
0.30093
0.373407
0.561999
0.993994
1.481839
1.796419
2.135158
2.187372
2.015407
2.091
2.328169
2.427142
2.348433
2.224005
2.129191
2.282195
2.444551
2.529756
2.600154
2.581971
2.493131
2.222194
1.991002
1.693569
1.358729
1.101559
0.901799
0.931933
1.116109
1.332237
1.135074
0.697366
0.429287
0.173416
-0.0305
-0.196491
-0.224545
-0.15077
-0.211295
-0.312344
-0.361439
-0.380661
-0.438328
-0.595747
-0.670819
-0.538336
-0.29753
-0.014902
0.298379
0.672706
0.851947
0.817139
0.934035
0.955078
0.724405
0.3945
-0.008139
-0.339602
-0.703016
-1.109552
-1.414778
-1.601291
-1.570118
-1.533749
-1.6322
-1.592715
-1.549332
-1.581023
-1.518938
-1.513741
-1.607776
-1.780001
-1.913521
-1.962097
-2.082628
-2.194847
-1.924687
-1.296827
-0.935229
-0.7882
-0.49596
-0.205538
-0.077212
0.043581
0.125929
-0.027334
-0.14163
-0.247875
-0.546866
-0.762992
-0.875471
-1.001717
-1.000158
-0.9295
-0.881961
-0.87105
-0.851047
-0.758569
-0.646088
-0.333586
0.118671
0.264142
0.253492
0.365973
0.546772
0.839012
1.047607
1.040594
0.946039
0.975394
1.108916
1.022674
0.789403
0.813303
0.905002
0.736154
0.582112
0.482362
0.3969
0.322087
0.317413
0.454831
0.47899
0.406516
0.433273
0.498476
0.464707
0.420287
0.482113
0.547056
0.425745
0.453282
0.746301
0.852547
0.751239
0.62733
0.697728
0.940872
1.117515
1.121932
1.218047
1.571592
1.632639
1.42015
1.334168
1.169476
0.933867
0.75307
0.583442
0.459534
0.383942
0.265229
0.093783
0.101577
0.129893
0.033001
-0.034278
-0.082334
-0.070644
-0.089866
-0.02752
0.105222
0.116133
0.186791
0.359538
0.468122
0.476955
0.5393
0.521637
0.503194
0.573592
0.456698
0.453841
0.675164
0.888435
0.88376
0.592561
0.475147
0.488656
0.39618
0.36371
0.249413
0.020039
-0.194789
-0.409096
-0.541057
-0.553006
-0.514299
-0.481827
-0.526247
-0.48806
-0.211666
-0.025151
0.112267
0.28865
0.213578
-0.059956
-0.346739
-0.564683
-0.85822
-0.904198
-0.525456
-0.231138
0.090976
0.435429
0.45777
0.235929
0.139816
0.190991
0.32711
0.582463
0.478038
0.184501
0.021887
-0.098385
-0.198394
-0.290091
-0.148777
-0.014216
-0.030061
0.070211
0.137232
0.056445
0.010207
-0.086945
-0.349829
-0.590633
-0.709866
-0.887286
-1.122895
-1.183679
-1.214071
-1.405
-1.756205
-1.908428
-1.763476
-1.627877
-1.316674
-1.079245
-1.00573
-0.76934
-0.553212
-0.443069
-0.277077
-0.007177
0.100888
0.137776
0.257789
0.108943
-0.119132
-0.005612
0.064526
0.20636
0.815257
1.233744
1.264138
1.325704
1.260244
1.067757
1.077369
1.067239
1.104906
1.17972
0.962296
0.72357
0.468219
0.31184
0.213908
0.025058
-0.011569
-0.202497
-0.379398
-0.240161
-0.389007
-0.811389
-1.065961
-1.285204
-1.42262
-1.416644
-1.354559
-1.245196
-1.04933
-0.888273
-0.951655
-0.966201
-0.953991
-1.016334
-1.130371
-1.205184
-1.100496
-1.11764
-1.115041
-0.968531
-0.81163
-0.600438
-0.471852
-0.473669
-0.443795
-0.412362
-0.611603
-0.765904
-0.734991
-0.609003
-0.457037
-0.483533
-0.454178
-0.378325
-0.33806
-0.249998
-0.0892
0.128226
0.219146
0.229798
0.185119
-0.002173
-0.428192
-0.620938
-0.433125
-0.324801
-0.122181
0.009522
-0.083733
-0.251283
-0.375191
-0.424026
-0.41883
-0.280373
-0.343496
-0.674439
-1.112666
-1.341781
-1.272681
-1.177865
-1.150329
-1.319956
-1.508287
-1.590113
-1.543614
-1.374504
-1.210329
-1.111617
-1.004331
-0.885357
-0.84717
-0.725598
-0.664032
-0.835737
-1.093946
-1.234219
-1.129792
-0.878855
-0.649219
-0.567651
-0.419063
-0.137733
0.040728
0.112166
0.190876
0.390119
0.628327
0.672229
0.502082
0.386227
0.272969
0.031386
-0.152269
-0.201624
-0.059271
0.244919
0.563655
0.703671
0.767055
0.846026
0.714324
0.438711
0.097377
-0.342928
-0.637244
-0.4619
-0.108875
0.040753
0.154013
0.210643
0.111932
0.068292
0.179214
0.208309
0.166228
0.167787
0.065699
-0.009632
0.221822
0.606279
0.658494
0.513804
0.73227
1.087893
1.108675
1.084258
1.202713
1.235185
1.199858
1.261683
1.399361
1.553145
1.941759
2.237635
2.150095
2.193217
2.307256
2.322324
2.366745
2.2392
2.1062
2.176598
2.199199
2.192446
2.341813
2.454553
2.395847
2.148029
1.830594
1.714738
1.673436
1.582518
1.453934
1.241964
1.109744
1.033113
0.76893
0.50111
0.410712
0.468381
0.657234
0.848943
1.0326
1.133911
1.132353
1.155733
1.078323
0.894668
0.746861
0.599054
0.43722
0.245772
0.105238
-0.106731
-0.469886
-0.560024
-0.49638
-0.565997
-0.651979
-0.834335
-0.909148
-0.885767
-1.071241
-1.240349
-1.201383
-0.995905
-0.903946
-0.975122
-0.957457
-0.95226
-1.213586
-1.597002
-1.827675
-1.900409
-1.781175
-1.644796
-1.601154
-1.558291
-1.487373
-1.461915
-1.417234
-1.041089
-0.687284
-0.587792
-0.461544
-0.423097
-0.394262
-0.343347
-0.459982
-0.536612
-0.399454
-0.210342
-0.155789
-0.162802
-0.144098
-0.117341
-0.003562
0.196201
0.072812
-0.345933
-0.552187
-0.788835
-1.099257
-1.143676
-1.095618
-1.126529
-1.298495
-1.608917
-1.811535
-1.764516
-1.585015
-1.51124
-1.609431
-1.540332
-1.391744
-1.353037
-1.155613
-0.973774
-0.848565
-0.794013
-0.983383
-0.994292
-0.773488
-0.548528
-0.363313
-0.302007
-0.209788
0.014133
0.131289
-0.03626
-0.103539
-0.046389
-0.147438
-0.113667
-0.048724
-0.139902
-0.264849
-0.331089
-0.383042
-0.532147
-0.447722
-0.365634
-0.466943
-0.289001
-0.048455
0.077794
0.207938
0.371593
0.587461
0.730334
0.89347
1.026472
1.034785
0.97426
0.693972
0.49603
0.689038
0.830872
0.818924
0.960758
1.054535
0.994011
0.942837
0.813993
0.634235
0.648523
0.706972
0.584362
0.44253
0.24225
-0.031544
-0.247411
-0.407686
-0.431065
-0.346639
-0.360925
-0.474703
-0.529513
-0.413396
-0.287407
-0.363778
-0.358062
-0.295977
-0.382998
-0.339356
-0.219862
-0.174921
-0.083482
0.099136
0.329811
0.501779
0.696605
0.91611
0.908318
0.658942
0.402552
0.336052
0.337092
0.354498
0.438404
0.483604
0.719215
1.019508
1.11926
1.156407
1.120301
1.103936
1.082376
1.06861
0.962885
0.726237
0.685974
0.609863
0.565444
0.834305
1.084982
0.982115
0.634286
0.482843
0.364909
0.176318
0.105663
0.021499
0.03215
0.11164
0.041244
-0.067338
0.040467
0.121255
0.119178
0.158144
-0.174877
-0.476467
-0.50478
-0.685838
-0.775457
-0.695187
-0.624789
-0.607644
-0.676741
-0.703496
-0.604783
-0.328909
0.061264
0.348048
0.632236
0.916682
0.99903
1.110471
1.345562
1.399075
1.285817
1.077744
0.787844
0.517167
0.20207
-0.062373
-0.131471
0.047511
0.123104
-0.204203
-0.617492
-0.858037
-0.909729
-0.864009
-0.66009
-0.598265
-0.829977
-0.907906
-0.840625
-0.743471
-0.515134
-0.39538
-0.448632
-0.355374
-0.102099
0.318206
0.625253
0.534335
0.439521
0.479266
0.483683
0.572005
0.647859
0.495376
0.398483
0.435891
0.4494
0.527851
0.573311
0.491485
0.40914
0.367318
0.397452
0.420313
0.334071
0.227826
0.266013
0.33823
0.20497
0.057423
-0.037911
-0.114542
-0.129348
-0.221045
-0.331445
-0.456133
-0.468081
-0.312999
-0.219221
-0.082323
0.093021
0.247844
0.295642
0.346818
0.500601
0.468131
0.340586
0.221094
0.145762
0.192781
0.320068
0.467098
0.440862
0.424498
0.747391
0.893641
0.676476
0.534124
0.396967
0.181101
-0.008009
-0.008527
-0.000993
-0.151398
-0.137629
-0.061776
-0.221272
-0.392458
-0.454542
-0.676902
-0.940046
-0.980309
-0.938746
-0.917444
-0.895362
-0.929391
-0.969394
-0.882371
-0.901593
-0.972509
-0.807035
-0.704946
-0.595582
-0.309577
-0.125141
-0.10202
-0.115527
-0.05578
0.159569
0.476746
0.51883
0.339331
0.419081
0.516235
0.447917
0.584816
0.763277
0.591831
0.322973
0.228678
0.147112
0.242967
0.37441
0.104513
-0.175257
-0.205389
-0.257081
-0.351896
-0.192397
0.071268
0.129457
0.203492
0.320129
0.26324
0.124525
-0.064844
-0.355264
-0.550609
-0.69374
-0.753226
-0.582297
-0.419162
-0.491117
-0.712178
-0.857647
-0.873492
-0.789586
-0.666715
-0.613462
-0.693989
-0.804389
-0.744901
-0.619432
-0.681776
-0.77711
-0.758925
-0.911927
-1.236896
-1.337945
-1.324176
-1.446266
-1.500037
-1.629141
-1.733307
-1.408076
-1.121032
-1.126226
-1.137135
-1.072712
-0.949321
-0.981791
-1.084658
-1.075046
-1.089072
-1.147
-1.217136
-1.305976
-1.339225
-1.16414
-1.025683
-1.007239
-0.822023
-0.666681
-0.681227
-0.690058
-0.662002
-0.7085
-0.710837
-0.656284
-0.685118
-0.584327
-0.365601
-0.237275
-0.304294
-0.532629
-0.655758
-0.745117
-0.85318
-0.731867
-0.696018
-0.844864
-0.810834
-0.800182
-0.859408
-0.840444
-0.763292
-0.584571
-0.413903
-0.255963
-0.26947
-0.387144
-0.298042
-0.364802
-0.502997
-0.29726
-0.021905
0.132918
0.280207
0.427237
0.617648
0.969374
1.133549
1.038215
1.070167
1.129395
1.237979
1.513854
1.813887
1.971307
1.931823
1.844023
1.696216
1.52477
1.427098
1.334102
1.275136
1.26059
1.297997
1.423726
1.520361
1.454121
1.293066
1.230982
1.138506
1.007843
1.011741
0.892249
0.600011
0.346218
0.296344
0.390381
0.411683
0.401553
0.404411
0.368824
0.225693
0.091134
0.151921
0.210369
0.055029
-0.031992
-0.098752
-0.253053
-0.170186
-0.095891
-0.07329
0.044385
-0.014061
-0.018476
0.14284
0.185703
0.140245
0.116347
0.177653
0.4169
0.65329
0.706024
0.822141
0.867082
0.634591
0.421582
0.385475
0.489124
0.62888
0.665768
0.524455
0.481335
0.555889
0.534069
0.610962
0.733054
0.719027
0.532255
0.388864
0.447313
0.515892
0.647336
0.742152
0.535638
0.284703
0.269118
0.276133
0.133261
-0.047536
-0.12027
-0.091175
-0.205472
-0.44212
-0.567847
-0.617202
-0.580314
-0.506798
-0.420035
-0.193776
0.065214
0.232765
0.276407
0.340051
0.488379
0.541113
0.461625
0.427337
0.529946
0.6271
0.625023
0.553328
0.694903
1.087933
1.194179
0.93649
0.698543
0.462415
0.278501
0.285515
0.296686
0.224732
0.111993
-0.072441
-0.426504
-0.659255
-0.637174
-0.677696
-0.698996
-0.568852
-0.411691
-0.281546
-0.203615
-0.2192
-0.163089
0.076418
0.325536
0.533871
0.781431
0.911056
0.938332
0.966908
0.861183
0.689218
0.529721
0.554141
0.699352
0.738318
0.833394
0.86119
0.804042
0.887429
1.030302
1.160447
1.354754
1.458143
1.338131
1.269553
1.257865
1.183312
1.077588
1.034727
1.208772
1.31294
1.218905
1.195267
1.099154
0.803539
0.492078
0.370508
0.306866
-0.034988
-0.347488
-0.429314
-0.459965
-0.414765
-0.3519
-0.333196
-0.255004
-0.144342
-0.249028
-0.398913
-0.368779
-0.339164
-0.378908
-0.394233
-0.238631
0.038282
0.114395
0.108941
0.283246
0.367672
0.384298
0.421706
0.27286
0.143756
0.234676
0.261692
0.065569
-0.087174
-0.196795
-0.360967
-0.324079
-0.138085
-0.082753
-0.05132
0.029728
0.007389
-0.021963
-0.085086
-0.185615
-0.020921
0.178841
0.124291
0.039607
-0.077287
-0.277827
-0.258863
0.002465
0.228723
0.409003
0.405108
0.208984
0.059359
-0.056757
-0.06273
-0.113904
-0.306651
-0.446405
-0.445624
-0.391852
-0.450818
-0.52537
-0.531604
-0.477571
-0.526406
-0.503286
-0.188706
-0.02713
-0.041935
-0.012321
-0.182987
-0.467432
-0.493928
-0.547699
-0.778631
-0.845391
-0.802009
-0.708231
-0.668226
-0.679395
-0.493141
-0.149986
0.179401
0.307467
0.410596
0.589057
0.515804
0.204343
-0.058541
-0.214141
-0.380132
-0.578334
-0.668992
-0.526898
-0.305575
-0.148154
-0.040609
0.004591
-0.063207
-0.342457
-0.578585
-0.642227
-0.904332
-1.220209
-1.389057
-1.537903
-1.57349
-1.65116
-1.872481
-1.97327
-1.950929
-1.969631
-1.972748
-1.844941
-1.658167
-1.49607
-1.183569
-0.771056
-0.478816
-0.253077
-0.10371
0.072154
0.306466
0.389852
0.445703
0.516881
0.477657
0.400767
0.291925
0.211398
0.253481
0.276082
0.239715
0.193737
0.144123
0.199714
0.184129
0.15036
0.444938
0.751984
0.808355
0.845503
0.819527
0.5821
0.397406
0.278174
0.181801
0.457675
0.708092
