0.009456
0.010623
0.008984
0.008046
0.010148
0.01412
0.004999
0.002191
0.01154
0.007797
0.003352
0.008961
0.012699
0.013866
0.009421
0.00521
0.009182
0.009647
0.005203
0.006135
0.008237
0.00613
0.006829
0.009165
0.006824
0.008224
0.012898
0.011492
0.006814
0.004707
0.008446
0.012651
0.008207
0.005632
0.009604
0.012875
0.008898
0.00422
0.010763
0.009592
0.00468
0.011691
0.010052
0.008179
0.010982
0.00794
0.013549
0.011208
0.002555
0.010502
0.012136
0.00512
0.006754
0.010726
0.013295
0.009785
0.005808
0.008378
0.00931
0.008606
0.006266
0.007199
0.011171
0.004856
0.004385
0.013033
0.008355
0.007651
0.012091
0.005308
0.008345
0.012551
0.005534
0.009039
0.010439
0.005994
0.009265
0.007392
0.005987
0.010426
0.009021
0.006213
0.007613
0.010183
0.010882
0.006671
0.005032
0.012277
0.012742
0.003154
0.005489
0.011799
0.008056
0.008988
0.008518
0.007113
0.010618
0.006874
0.007339
0.011311
0.005932
0.006397
0.011771
0.011769
0.008961
0.007789
0.008722
0.006148
0.01012
0.014559
0.007309
0.004735
0.010343
0.011978
0.010806
0.008232
0.006593
0.008694
0.009159
0.006585
0.008453
0.010087
0.005642
0.006809
0.009612
0.008207
0.007737
0.007266
0.008433
0.007495
0.004453
0.006555
0.009358
0.008186
0.00608
0.009818
0.012153
0.008176
0.009343
0.010042
0.011676
0.011907
0.002787
0.00559
0.010731
0.005117
0.010959
0.012593
0.007214
0.007445
0.007442
0.012583
0.011646
0.005798
0.008601
0.009066
0.008596
0.005087
0.005318
0.013265
0.008586
0.007648
0.012556
0.006942
0.009745
0.011379
0.005298
0.006231
0.010203
0.01207
0.008093
0.005052
0.007621
0.007852
0.006213
0.005743
0.007143
0.007608
0.005268
0.007603
0.009705
0.009936
0.01157
0.006892
0.004317
0.008056
0.008755
0.006882
0.007347
0.010384
0.008043
0.005469
0.011545
0.011543
0.006864
0.008031
0.007093
0.011532
0.012699
0.005215
0.00755
0.008249
0.004506
0.007309
0.00754
0.005901
0.007535
0.012443
0.01244
0.005891
0.009162
0.010094
0.003779
0.006115
0.00845
0.007045
0.007043
0.00517
0.009843
0.010074
0.003759
0.007965
0.012639
0.007025
0.005853
0.010994
0.010291
0.004677
0.006779
0.01192
0.009112
0.005134
0.008171
0.012611
0.008868
0.005358
0.009096
0.009328
0.009793
0.009323
0.00441
0.00885
0.009315
0.004637
0.009544
0.008372
0.00346
0.006731
0.011404
0.011168
0.002749
0.006253
0.017239
0.006482
-0.000301
0.010919
0.013021
0.005537
0.002261
0.008571
0.014413
0.0088
0.004823
0.008795
0.008558
0.007153
0.009722
0.008551
0.006678
0.006208
0.007608
0.012749
0.0062
0.002925
0.013911
0.010401
0.005255
0.009695
0.008056
0.007352
0.00618
0.008516
0.008981
0.00477
0.011547
0.008739
0.004295
0.01154
0.00616
0.007794
0.013637
0.002178
0.003111
0.012694
0.00708
0.005207
0.009881
0.01058
0.01198
0.007535
0.004961
0.01244
0.00893
0.007525
0.015004
0.003546
0.004011
0.016633
0.003538
0.004704
0.015457
0.001192
0.0061
0.014514
0.000484
0.007963
0.014974
0.004918
0.008423
0.008888
0.006781
0.007947
0.004906
0.009345
0.007706
0.002326
0.00887
0.009335
0.003721
0.009564
0.013536
0.005117
0.004647
0.010957
0.007447
0.00838
0.003935
0.00253
0.016321
0.00533
0.000652
0.019821
0.009999
0.004853
0.01467
0.007419
0.009287
0.006479
0.002035
0.00928
0.007407
0.007404
0.007402
0.007633
0.01067
0.001783
0.007859
0.014169
0.002945
0.010891
0.014162
0.005976
0.009247
0.006205
0.006437
0.012747
0.006431
0.003623
0.010401
0.008762
0.004785
0.008523
0.008988
0.007349
0.010386
0.006876
0.006406
0.012015
0.008038
0.004996
0.007565
0.007095
0.010366
0.010831
0.006152
0.005215
0.00755
0.012925
0.010585
0.004269
0.007774
0.008473
0.005898
0.008234
0.008465
0.010099
0.009629
0.008224
0.011962
0.008219
0.003307
0.008448
0.011484
0.006806
0.001192
0.008204
0.01241
0.001886
0.007261
0.011233
8e-06
0.006318
0.008654
0.00491
0.011221
0.004905
0.004669
0.011914
0.007002
0.007701
0.008867
0.005592
0.009798
0.009327
0.004181
0.004179
0.005813
0.008616
0.010718
0.006974
0.006037
0.009541
0.009305
0.010471
0.007429
0.007427
0.013971
0.005785
0.003445
0.011859
0.005778
0.006243
0.012085
0.007407
0.008573
0.007869
0.004594
0.009735
0.009265
0.005054
0.008792
0.010894
0.004579
0.002472
0.009717
0.009247
0.004335
0.00971
0.00807
0.001989
0.006896
0.007829
0.00619
0.006421
0.004315
0.008754
0.009687
0.006879
0.009214
0.011316
0.01108
0.0057
0.004996
0.012241
0.007095
0.002884
0.012
0.009425
0.00311
0.008251
0.008015
0.009182
0.010582
0.005202
0.009875
0.004729
-0.000884
0.011972
0.010801
0.005888
0.008458
0.007052
0.010089
0.005411
0.00611
0.011251
0.004936
0.006336
0.006801
0.005629
0.010303
0.006326
0.006323
0.010295
0.007721
0.006316
0.006781
0.006544
0.006074
0.006773
0.008173
0.008639
0.007233
0.007231
0.01167
0.008395
0.004651
0.009792
0.008387
0.004878
0.008382
0.012822
0.007208
0.001594
0.010476
0.009772
0.004626
0.009534
0.00579
0.006723
0.009058
0.003211
0.006949
0.008116
0.004139
0.006474
0.008342
0.006001
0.003427
0.010205
0.011605
0.004121
0.005989
0.007623
0.007854
0.00715
0.005745
0.009951
0.006675
0.00714
0.010878
0.004797
0.007834
0.008533
0.00479
0.009463
0.005252
0.00221
0.009456
0.009687
0.005008
0.006175
0.007575
0.004299
0.003596
0.005697
0.007097
0.009433
0.007794
0.00522
0.008724
0.008721
0.004043
0.007314
0.012221
0.005906
0.003098
0.009642
0.009171
0.006597
0.007997
0.006358
0.007525
0.007055
0.004013
0.007985
0.009853
0.004239
0.008211
0.014755
0.006336
0.003294
0.012643
0.008666
0.001416
0.008895
0.011698
0.006786
0.008654
0.00795
0.003271
0.008412
0.010748
0.0049
0.009807
0.010039
0.00349
0.010267
0.010031
0.003015
0.007221
0.00675
0.002773
0.009083
0.013991
0.008143
0.002763
0.004397
0.006733
0.006964
0.005559
0.006024
0.010697
0.008357
0.003211
0.008118
0.007414
0.000865
0.007643
0.009511
0.001092
0.005765
0.010672
0.004591
0.002952
0.005521
0.005519
0.00762
0.008553
0.004108
0.00621
0.011117
0.006906
0.006904
0.012746
0.009471
0.003155
0.00666
0.009463
0.00572
0.007821
0.008286
0.005712
0.011087
0.009448
0.003367
0.008508
0.011077
0.006398
0.007097
0.012472
0.008027
0.003817
0.008256
0.007085
0.008719
0.005677
-0.000638
0.011517
0.00941
0.00029
0.012211
0.006831
4.8e-05
0.009398
0.008694
0.006587
0.007987
0.008686
0.007748
0.00494
0.009146
0.009144
0.007505
0.006333
0.003993
0.010536
0.007962
0.001647
0.007256
0.003746
0.003977
0.010755
0.005843
0.006542
0.008176
0.004199
0.008872
0.007934
0.003724
0.009332
0.00933
0.004184
0.004181
0.008855
0.010255
0.005343
0.009081
0.013988
0.006036
0.003228
0.008837
0.011874
0.008131
-0.001458
0.001345
0.013734
0.014667
0.001805
-0.001938
0.010451
0.009747
0.003666
0.008807
0.002726
0.002489
0.01067
0.005524
0.002014
0.002713
0.007153
0.01393
0.007381
0.002937
0.007376
0.007374
0.005267
0.004563
0.012042
0.012273
0.005257
0.009697
0.008058
0.005016
0.007819
0.005478
0.011087
0.007577
9.3e-05
0.011547
0.011544
0.003827
0.007799
0.011303
0.011067
0.006388
0.008256
0.010124
0.006147
0.006612
0.004038
0.007776
0.008241
-0.002049
0.007067
0.011507
0.000749
0.002617
0.010798
0.013601
0.00448
0.001906
0.009385
0.006343
0.006107
0.007507
0.007504
0.009606
0.005395
0.006328
0.008196
0.005154
0.002813
0.004447
0.011459
0.003741
0.00257
0.016127
0.007942
0.003263
0.010976
0.007701
0.006529
0.00489
0.007225
0.011197
0.004649
0.008621
0.014463
0.008616
0.006275
0.007208
0.008374
0.009775
0.006031
0.004392
0.009767
0.009998
0.002748
0.005551
0.008822
0.00274
0.006011
0.009048
0.005305
0.009043
0.008339
0.005765
0.007165
0.00272
0.003887
0.007625
0.004817
0.005516
0.005513
0.005043
0.008781
0.009247
0.007374
0.006904
0.004095
0.004093
0.006896
0.004088
0.003384
0.008759
0.008523
0.006416
0.004777
0.003605
0.006876
0.004769
0.005468
0.009206
0.008502
0.010136
0.004289
0.003819
0.012233
0.004281
0.002175
0.007316
0.003573
0.007311
0.008477
0.005903
0.006836
0.004028
0.008233
0.009867
0.003786
0.00542
0.009392
0.010325
0.00588
0.003306
0.008213
0.005405
0.005169
0.01031
0.00493
0.00259
0.006562
0.01217
0.010999
0.000475
0.007487
0.013329
0.001871
0.003505
0.008178
0.005136
0.008407
0.007002
0.006298
0.007464
0.005124
0.008394
0.010262
0.007922
0.005347
0.004643
0.00768
0.007678
0.00487
0.006504
0.00767
0.006031
0.007665
0.010234
0.006024
-0.001227
0.004616
0.010926
0.003676
0.004141
0.007178
0.002733
0.00764
0.008339
0.004596
0.011139
0.00763
-0.002893
0.003417
0.010428
0.006685
0.005513
0.007849
0.00621
0.004571
0.008309
0.009943
0.00129
-0.001051
0.006662
0.007829
0.007358
0.006187
0.005015
0.011092
0.011323
0.003605
0.003603
0.006406
0.004065
0.004764
0.008502
0.004525
0.006159
0.013171
0.00896
0.003346
0.000304
0.002172
0.010586
0.004739
6e-05
0.008708
0.008706
0.005664
0.006831
0.004022
0.003552
0.006589
0.007522
0.005181
0.003075
0.004007
0.006577
0.006808
0.004935
0.007037
0.010541
0.007499
0.00586
0.010534
0.007024
0.002813
0.006785
0.007718
0.006079
0.005609
0.004905
0.006539
0.00677
0.002559
0.00396
0.011672
0.00676
0.001614
0.010262
0.007922
0.001373
0.004877
0.006511
0.00721
0.005571
0.005802
0.010476
0.0072
0.003223
0.004156
0.006491
0.006021
0.005317
0.012562
0.011858
0.004608
0.004372
0.002733
0.004367
0.006001
0.005297
0.009269
0.006929
0.004354
0.010197
0.009025
0.005048
0.006682
0.005511
0.005742
0.010182
0.003867
0.001292
0.009239
0.003625
0.005493
0.011803
-0.001058
0.003615
0.016471
0.009689
0.003608
0.002436
0.007577
0.011549
0.003597
0.00266
0.008268
0.003824
0.002886
0.008962
0.006154
0.005918
0.007318
0.003809
0.00895
0.003804
-0.000407
0.013618
0.011745
0.004729
0.006597
0.00262
0.006124
0.006823
0.003313
0.007987
0.008686
0.00728
0.007278
0.007509
0.004467
0.002594
0.00984
0.009369
0.002353
0.005156
0.007492
0.002579
0.001408
0.006783
0.004676
0.003271
0.012386
0.004902
-0.001647
0.012145
0.009103
0.001619
0.006526
0.005121
0.006755
0.007688
0.005347
0.006046
0.005576
0.008379
0.005103
0.003932
0.009774
0.004628
0.006496
0.01
0.001815
0.004618
0.005551
0.000639
0.005312
0.007647
0.005073
0.004369
0.006471
0.008339
0.005531
0.007165
0.008331
0.005289
0.008092
0.010194
0.00762
0.006916
0.005744
0.006677
0.011117
0.005503
0.000825
0.011343
0.009704
-0.000586
0.004088
0.007592
0.005018
0.004314
0.006182
0.008751
0.005709
0.002667
0.006405
0.00804
0.000322
0.003359
0.012007
0.002185
0.004286
0.011064
0.004749
0.009422
0.005445
0.002403
0.009181
0.000528
0.004266
0.011979
0.005898
0.004726
0.005659
0.009163
0.00542
0.002378
0.006584
0.00401
0.007514
0.007979
0.006574
0.008208
0.002828
0.007969
0.008902
0.001885
0.003987
0.003751
0.006554
0.00772
0.003977
0.005377
0.005842
0.0028
-0.000475
0.008407
0.010508
0.004427
0.011205
0.006058
0.002081
0.00956
0.00535
0.00371
0.002305
0.006745
0.011652
0.005103
0.00627
0.003929
0.002056
0.007431
0.003922
0.002984
0.005319
0.009058
0.00625
0.001805
0.008582
0.003436
0.004135
0.014186
0.006468
0.004362
0.00506
0.002019
0.007627
0.00552
0.003881
0.00949
0.00715
0.00551
0.008547
0.008311
0.006438
0.006436
0.00503
0.005028
0.006896
0.004789
0.006423
0.00642
0.001041
0.005013
0.008985
0.00454
0.00407
0.005704
0.008507
0.007336
0.000319
0.004525
0.011069
0.005455
0.004751
0.008489
0.008253
0.004744
0.003338
0.010817
0.009646
0.001694
0.005666
0.009872
0.006129
0.001684
0.005656
0.010563
0.006353
0.006116
0.005412
0.003773
0.006109
0.004236
0.005402
0.00727
0.004228
0.006564
0.007029
0.003286
0.006322
0.00819
0.003979
0.005847
0.003507
0.001634
0.008411
0.003967
0.004198
0.007703
0.000218
0.004892
0.006058
0.004185
0.00769
0.003479
0.006282
0.004877
0.004173
0.008846
0.004635
0.007439
0.006735
0.002758
0.00673
0.002285
0.002984
0.00719
0.007655
0.010224
0.003441
0.004842
0.010918
0.002499
0.005302
0.009975
0.003426
0.004359
0.005292
0.006692
0.006923
0.002712
0.00762
0.005279
0.00364
0.009716
0.003167
0.001061
0.002461
0.001991
0.007833
0.00596
0.003152
0.003851
0.007122
0.006652
-0.002469
0.005711
0.012957
0.001732
0.001963
0.008273
0.009907
0.008034
0.00055
0.005457
0.012703
0.004985
0.003346
0.006616
0.001003
0.00591
0.017364
0.011282
-0.000878
0.002393
0.01221
0.011506
0.003087
-0.000423
0.003316
0.006586
0.006584
0.007049
0.001669
-0.000438
0.007976
0.007506
0.003997
0.005397
0.002121
0.010536
0.013339
-0.002328
0.000475
0.011227
0.005146
0.001169
0.000699
0.003735
0.010513
0.006302
0.004663
0.008167
0.003489
0.005357
0.009329
0.005118
0.001609
0.002541
0.009085
0.008615
0.000663
0.000661
0.005334
0.005332
0.002056
0.005794
0.010234
0.004153
0.005553
0.009525
0.00321
0.004376
0.00414
0.002033
0.008343
0.0046
0.002493
0.009037
0.005528
0.002252
0.002483
0.003416
0.006687
0.003879
0.007617
0.012057
0.003637
0.005739
0.012283
0.004097
0.001523
0.007132
0.007129
0.007127
0.007826
0.006186
0.006885
0.004077
0.000568
0.005943
0.004771
-0.000609
0.00687
0.009206
0.003124
0.003823
0.003821
0.004052
0.005219
0.002177
0.004746
0.008952
0.004507
0.003803
0.00871
0.004032
-0.000179
0.006365
0.008467
0.006827
0.008228
0.003783
0.004248
0.007519
0.002373
0.005176
0.010784
0.005405
0.004934
0.007504
0.003293
0.004459
0.004924
0.00422
0.009128
0.007255
0.006317
0.010055
0.002104
-0.001873
0.005372
0.007006
0.002561
0.000455
0.003258
0.002788
0.003019
0.006523
0.003248
0.00418
0.005814
0.003006
0.005342
0.00417
0.005337
0.006503
0.005098
0.007667
0.002287
0.004856
0.009062
-0.001695
0.005317
0.012562
0.00461
0.004841
0.005073
0.00507
0.003431
0.002961
0.009505
0.004593
-0.00032
0.007627
0.009729
-0.000327
-0.001031
0.009955
0.0006
0.00013
0.015558
-0.001979
0.000123
0.017421
-0.002454
0.004791
0.016478
-0.002929
0.007122
0.013432
-0.000833
0.002906
0.005942
0.006408
0.006639
0.003129
0.008037
0.006397
0.001485
0.004288
0.003584
0.006387
0.00919
0.000537
6.7e-05
0.010352
0.003102
-0.001811
0.008942
0.00286
-0.000649
0.009168
0.004489
0.004487
0.00916
0.004248
0.00635
0.007049
0.002838
0.003537
0.00821
0.005402
2.2e-05
0.009138
0.009135
-0.001856
0.00422
0.00679
0.000942
0.003979
0.006081
0.007247
0.005842
0.002099
0.007006
0.009107
0.002325
0.003491
0.01097
0.002551
-0.005167
0.010495
0.012831
-0.003304
0.007214
0.014226
0.000897
0.007441
0.01001
-4.6e-05
0.006498
0.004391
-0.004028
0.002282
0.007423
0.004849
0.003444
0.006714
0.005309
0.002968
0.010447
0.005535
-0.004521
0.007634
0.01184
-0.00032
0.002249
0.005988
0.001777
0.005749
0.00411
0.002471
0.010183
0.005973
0.003398
0.009942
0.005731
0.003157
0.005492
0.006425
0.00689
0.002445
0.004313
0.004778
0.0001
0.006176
0.005472
0.002664
0.008507
0.004296
0.003826
0.006862
0.002885
0.006156
0.004517
-0.000162
0.005447
0.005912
0.006143
0.006842
0.000294
0.003798
0.008238
0.004728
0.007999
0.007996
0.003318
0.005186
0.007989
0.007285
0.003074
0.004007
0.009615
0.009846
0.004467
0.005399
0.008904
0.003758
0.001651
0.006324
0.005387
0.004683
0.00468
0.004444
0.005143
0.002335
0.002098
0.003733
0.003262
0.003961
0.003491
0.002086
0.006526
0.006757
0.000208
0.003712
0.009555
0.00815
0.006277
0.001131
0.0037
0.008607
0.005331
0.003926
0.000884
0.006259
0.008828
-0.000994
0.006953
0.008353
-0.000534
0.008582
0.00367
0.00016
0.009977
0.004597
0.006699
0.00997
0.001317
0.003652
0.007858
0.006686
0.003411
0.000369
0.005744
0.007144
0.002699
0.0041
0.006201
0.00503
0.002222
0.002219
0.004555
0.004084
0.002445
0.005248
0.008285
0.005243
0.003604
0.008278
0.007808
0.003597
0.0064
0.007566
0.004992
0.007094
0.00148
-0.00086
0.009658
0.004044
0.000769
0.009417
0.00053
-0.00298
0.007305
0.006367
0.001922
0.000751
0.000515
0.003785
0.006588
0.004248
0.005882
0.006581
0.000266
0.005407
0.013587
0.003999
-0.003251
0.003059
0.012408
0.009132
-0.001625
0.002347
0.006787
0.003745
0.006782
0.00561
0.003971
0.005605
0.003499
0.007704
0.006065
-0.002588
0.004891
0.008162
-0.000725
0.003247
0.006752
0.003944
0.007916
0.003237
0.002066
0.008609
0.006035
0.007202
0.008134
0.000884
0.001349
0.006256
0.005553
0.000406
0.000638
0.00952
0.008816
0.001098
0.003433
0.009042
0.003896
-0.001718
0.00506
0.009266
0.002483
0.001545
0.007621
0.005749
0.000135
0.003873
0.005741
-0.000106
-0.000577
0.004331
0.009472
0.007131
0.003388
0.007828
0.007124
0.00338
0.003846
0.006415
0.008516
-0.00037
0.001731
0.015523
0.007571
0.001022
0.004293
0.005693
0.008263
0.002181
0.002646
0.006385
0.002174
0.005912
0.004273
0.001465
0.004034
0.002629
0.006367
0.006598
0.00379
0.003788
0.004253
0.008225
0.004014
0.001907
0.007516
0.006344
0.002601
0.00143
0.004233
0.002126
-0.000448
0.01007
0.007496
0.000246
0.006556
0.00515
0.004914
0.004444
0.001636
0.011686
0.009814
-0.00258
0.002561
0.007
0.003023
0.003722
0.004187
0.00325
0.002078
0.004881
0.005814
0.000434
0.003471
0.007209
0.006739
0.008373
0.002058
0.002056
0.007898
0.000414
0.000178
0.008124
0.004849
0.002508
0.005311
0.005309
0.006943
0.006239
0.00156
0.005766
0.007868
0.001319
0.003888
0.006457
0.002714
0.004582
0.00458
0.003174
0.004808
0.005507
0.005738
0.005268
0.004331
0.002224
0.002923
0.004791
0.003152
0.005487
0.00642
0.003845
0.002908
0.003139
0.005708
0.005472
0.00243
0.005467
0.007101
0.001955
0.001719
0.008964
0.005922
-0.002263
0.005917
0.010357
0.001704
0.003338
0.008479
0.0038
0.000992
0.006601
0.009404
0.004024
0.004489
0.005655
0.001678
0.00378
0.001673
0.000969
0.007279
0.005407
0.004703
0.005869
0.001892
0.002591
0.00329
0.003989
0.007259
0.001879
0.000474
0.007018
0.005846
0.002571
0.003737
0.003501
0.003498
0.003262
0.00513
0.005361
0.000917
0.006058
0.006523
-0.00026
0.004414
0.005112
0.002538
0.003003
0.001364
0.00557
0.003229
0.001357
0.007667
0.004625
0.004622
0.003918
-0.001462
0.006719
0.009522
0.002038
0.001801
0.007176
0.004836
0.000625
0.009039
0.0074
-0.002188
0.003654
0.006925
0.004351
0.00201
0.002475
0.009253
0.004341
-0.003143
0.003868
0.006671
0.000824
0.001055
0.006897
0.003855
0.000112
0.004786
0.005017
0.004079
0.000336
-0.000134
0.008514
0.004069
-0.000843
0.004765
0.001957
0.004059
0.005927
0.003353
0.005688
0.003815
0.005683
0.005213
0.002639
0.006844
0.001932
0.004969
0.006837
-0.001816
0.009637
0.009869
-0.000655
0.007526
0.005419
0.00191
0.004713
0.002606
0.007279
0.004004
0.003066
0.009376
0.004464
0.003292
0.003991
0.002118
0.007025
0.001412
-0.001864
0.009122
0.007015
0.001168
0.005841
0.005137
0.003031
-0.000245
-0.000715
0.00653
0.00419
0.003486
0.008627
0.002078
-0.000964
0.003476
0.005577
0.004406
0.003234
0.004635
0.005333
0.003227
0.000185
0.004625
0.009766
0.005321
0.006487
0.005082
0.001105
0.008584
0.003906
0.000162
0.008576
0.003898
0.003428
0.008803
0.001085
-8.7e-05
0.005054
0.003649
0.001776
0.00341
0.005278
0.005276
0.002468
0.001296
0.004801
0.003161
-0.000348
0.005728
0.005024
0.001281
0.005019
0.002913
0.003378
0.004076
0.000333
0.007812
0.007576
-0.003415
0.001726
0.011543
0.007332
0.003355
0.007561
0.004987
0.001009
0.00241
0.003342
0.007548
0.002402
0.000529
0.011749
0.003564
-0.005791
0.004494
0.005193
0.001683
0.007292
0.009393
0.002845
-0.002301
-0.000434
0.002603
0.008446
0.005404
-0.000444
0.01101
0.007968
-0.006062
0.002819
0.007727
0.001645
0.001409
0.002108
0.006548
0.004207
0.002568
0.009579
0.002563
0.000223
0.005831
0.002789
0.004891
0.003953
0.003717
0.007455
0.000906
0.001138
0.005577
0.005809
0.006274
0.001595
0.0051
0.006032
-0.000283
0.006261
0.007194
0.002048
0.001811
-6.2e-05
0.003677
0.004843
0.002269
0.004371
0.002498
0.001326
0.001557
0.000854
0.005761
0.009031
0.003652
0.002714
0.007153
0.001072
-0.001034
0.005509
0.002234
0.003634
0.008074
-0.000346
-0.000114
0.005962
0.006895
0.006892
0.001045
0.00338
0.00782
0.000803
0.001736
0.005942
0.005238
0.004534
0.000323
0.002892
0.007566
0.002653
0.001248
0.006389
0.004984
0.000539
0.006615
0.009652
0.001701
0.002633
0.007307
0.005434
0.004029
0.002156
0.003322
0.006827
0.003317
0.000509
0.003078
0.001673
0.00167
0.00424
0.000964
0.002598
0.006103
0.003061
0.004695
0.003056
-0.000688
0.006558
0.006555
-0.001397
0.004446
0.006548
-0.003274
-0.001407
0.007475
0.007239
0.003262
0.000688
0.005595
0.007229
-0.000255
0.000911
0.002779
-0.000263
0.001605
0.000667
0.006276
0.008611
-0.001678
0.003229
0.009305
0.000419
0.002286
0.006726
0.003684
0.003915
0.00438
0.004378
0.005778
0.002503
0.001799
0.008576
0.007171
0.002259
0.005997
0.004358
0.000381
0.004353
0.00435
0.000607
0.001774
0.000368
0.001067
0.007611
0.002231
-0.002681
0.007603
0.00386
-0.005027
0.006193
0.008061
-0.001761
0.001276
0.003845
0.001271
0.004308
0.007111
0.008745
0.005235
-0.001781
0.001256
0.005929
0.00429
0.004287
0.004051
0.003815
0.001942
0.000303
0.00521
0.004272
6.1e-05
0.004735
0.004265
0.002626
0.005896
-0.000652
-0.003694
0.005421
0.00612
0.003078
0.004946
-0.001603
-0.001371
0.010316
0.009378
0.003063
0.005632
0.00563
0.001419
0.002118
0.006791
0.006789
0.002578
-0.00023
0.000936
0.004207
0.003269
0.003033
0.003732
0.002794
0.00209
0.002321
0.005358
0.000446
-0.004466
0.004883
0.006517
-0.000733
0.003005
0.008614
0.007676
0.002296
-0.000278
0.005331
0.009069
0.002754
-0.003795
0.002983
0.007656
0.000406
0.001572
0.004375
0.002502
0.004137
0.005537
0.006469
0.003194
0.002724
0.005527
0.000848
0.00295
0.005987
0.003179
0.004813
-0.001268
-0.003375
0.006208
0.002699
-0.00011
0.00924
0.007367
-0.001052
0.002452
0.003852
0.000343
0.001743
0.00291
0.007817
0.00875
-0.000371
0.003601
0.008508
-0.002483
-0.002485
0.006397
0.003355
0.001482
0.006623
0.007088
0.001007
0.00077
0.005678
0.0017
0.000529
0.002864
-0.001113
0.004262
0.007065
-0.000886
0.004488
0.008694
0.001444
0.001208
0.003076
0.001904
0.003304
0.003769
0.005871
0.0047
2.1e-05
0.001655
0.003523
0.003988
0.003518
-0.000225
0.003981
0.002809
-0.0007
0.007948
0.002568
-0.002578
0.005836
0.003963
0.002791
0.003023
0.00302
0.005823
-0.003531
-0.001897
0.006985
-0.000265
0.001369
0.010952
0.008845
-0.000509
-0.000979
0.005097
0.000184
-0.002156
0.002985
0.004385
0.007422
0.006017
0.004612
0.006246
0.000164
-0.00241
-0.000308
0.002729
0.005765
0.001555
0.002487
0.005524
0.003184
0.002947
0.002243
0.005982
0.005044
0.002002
0.006442
0.002231
-0.00198
0.00246
0.007133
0.004793
-0.004094
0.003151
0.009695
-0.001296
-0.000831
0.003842
0.001502
9.6e-05
0.000795
0.006872
0.005232
0.002424
0.004994
0.005459
0.004989
-0.001794
0.001944
0.005215
-0.006478
0.002638
0.007779
-0.003446
0.003799
0.006836
0.000989
0.002389
0.003789
0.003086
0.000511
0.003314
0.003312
0.00027
0.002138
-0.00067
0.004705
0.008443
-0.001847
0.002593
0.00563
0.001653
0.005858
0.00118
-0.000927
0.003279
0.003744
0.005144
0.000934
0.000931
0.0035
0.000225
0.005132
0.006065
0.001152
0.003254
0.004187
0.004652
0.003013
0.002309
0.00254
-0.000502
0.003236
0.001597
0.000893
0.00884
-0.001917
-0.002621
0.012807
0.002284
-0.004032
0.004616
0.001575
0.003209
0.00531
0.003671
0.005539
0.000393
0.000858
0.005298
0.001321
0.004358
0.005758
0.002248
0.003415
0.001308
0.004813
0.008083
0.001768
0.002701
0.005504
-0.000344
-0.003385
0.001989
0.00713
0.001751
-0.001291
0.006188
0.005484
-0.003403
0.000101
0.007113
0.003837
-0.000841
0.000325
0.005232
0.003126
-0.002488
0.006628
0.007326
-0.00647
0.000308
0.007787
-0.0011
0.001937
0.004973
-0.001342
0.001461
0.001459
-0.000882
0.007065
0.006361
0.00028
0.003083
0.00121
-0.002533
-0.002536
0.003073
0.008448
0.003535
0.005871
0.006102
-0.00372
0.004227
0.00703
-0.001389
0.002349
0.003281
0.000941
0.002575
0.002806
0.003505
0.001866
0.002097
0.00303
0.005366
0.007935
0.002321
0.00115
0.006758
0.003716
0.002077
0.002309
-0.002837
0.001368
0.006509
0.001363
0.006738
0.008372
0.000187
0.005795
0.009066
0.002517
0.002749
0.003214
0.001574
0.004144
0.006713
0.007646
0.008578
0.005069
-0.00148
-0.002184
-0.004992
-0.009203
-0.004296
0.000845
0.012533
0.03591
0.057651
0.077053
0.089208
0.099259
0.123805
0.135259
0.126606
0.13011
0.12964
0.099945
0.069783
0.051544
0.016472
-0.022575
-0.045255
-0.081496
-0.110724
-0.109557
-0.104884
-0.071921
-0.00646
0.053857
0.150413
0.296534
0.424418
0.484969
0.457612
0.345387
0.180558
0.00474
-0.168974
-0.341753
-0.461226
-0.466138
-0.352048
-0.126903
0.158327
0.368976
0.449867
0.452904
0.390711
0.252768
0.051934
-0.159655
-0.304612
-0.340386
-0.236582
-0.048378
0.108498
0.186583
0.152213
0.039988
-0.033895
-0.049796
-0.058682
-0.099132
-0.128125
-0.0636
0.034359
0.067088
0.019157
-0.073897
-0.113645
-0.109907
-0.151993
-0.220965
-0.276845
-0.265158
-0.139144
0.070102
0.31208
0.470592
0.490228
0.470587
0.42289
0.268113
-0.034189
-0.438895
-0.783514
-0.855994
-0.582687
-0.152737
0.221336
0.45443
0.514513
0.547242
0.632342
0.517311
0.143934
-0.192502
-0.370425
-0.411108
-0.189704
0.207748
0.430788
0.41629
0.317859
0.172903
0.083823
0.086626
-0.012039
-0.135486
-0.022331
0.224323
0.482666
0.838269
1.147814
1.115782
0.726273
0.312449
0.101328
-0.073087
-0.335878
-0.588849
-0.713699
-0.610364
-0.339863
-0.039436
0.251172
0.487304
0.682756
0.822565
0.729043
0.347951
-0.117308
-0.352744
-0.193765
0.127704
0.236184
0.056157
-0.223701
-0.375438
-0.225108
0.100802
0.237337
0.115994
-0.083204
-0.109625
0.207401
0.491229
0.370119
0.044437
-0.345305
-0.810097
-1.082006
-0.853588
-0.343445
-0.026886
0.138406
0.362615
0.70045
1.136947
1.103745
0.270489
-0.653013
-1.056783
-0.952746
-0.590596
-0.270297
-0.141945
-0.255339
-0.37411
-0.134237
0.289168
0.563643
0.723792
0.88885
1.059052
1.02585
0.591452
0.003917
-0.284123
-0.221468
-0.153436
-0.147827
0.024479
0.19585
0.169428
0.194442
0.362306
0.571786
0.836675
1.023945
1.059245
1.176142
1.456228
1.612402
1.511633
1.33675
1.160231
1.091959
1.169811
1.022283
0.614304
0.191596
-0.202822
-0.262209
-0.022804
-0.062084
-0.481285
-1.05035
-1.427
-1.361773
-1.116288
-0.948191
-0.935334
-0.90845
-0.491358
0.126098
0.569375
0.840109
1.000726
1.258602
1.546871
1.49029
1.295534
1.187283
0.846404
0.269858
-0.147707
-0.235851
-0.300615
-0.76564
-1.369775
-1.552139
-1.303849
-0.842102
-0.316528
0.070637
0.094015
-0.265334
-0.712357
-1.034299
-1.12782
-1.106313
-1.274883
-1.284705
-0.85382
-0.566485
-0.584256
-0.515523
-0.371974
-0.371041
-0.400969
-0.113401
0.371959
0.465943
-0.057999
-0.755652
-0.971216
-0.621458
-0.141942
0.261356
0.601762
0.754195
0.655063
0.692
1.185076
1.536938
1.05017
0.22837
0.150981
1.038706
2.063437
2.364566
2.022518
1.72419
1.727694
1.746162
1.480332
0.963637
0.354359
-0.328331
-0.72953
-0.448041
0.058128
0.152112
-0.125876
-0.472833
-0.678577
-0.472371
0.096689
0.305234
-0.041724
-0.151143
0.353856
1.160688
1.928476
2.585444
3.232592
3.764712
4.052748
3.89049
3.158001
2.224913
0.992565
-0.66693
-1.671326
-1.384693
-0.531102
0.2098
0.659389
1.036969
1.440501
1.167891
-0.02214
-1.29587
-2.049167
-2.170511
-1.882709
-1.378177
-0.534872
0.179142
0.283413
0.050548
-0.287291
-0.580475
-0.804222
-0.886989
-0.493978
0.115061
0.444713
0.433488
0.095415
-0.360726
-0.60645
-0.50779
-0.1592
0.013573
-0.098886
0.192891
1.222297
2.430559
3.172162
3.065781
2.359244
1.684736
1.0633
0.377103
0.024534
0.157328
0.142597
-0.350952
-0.717549
-0.928202
-1.551275
-2.367931
-2.726111
-2.267403
-1.56087
-1.356534
-1.310712
-1.257643
-1.176985
-0.416445
0.964359
2.280869
2.841044
2.523078
2.47842
3.337856
4.389707
4.687329
3.777621
2.733012
2.68625
2.737216
2.132613
1.839897
2.533103
3.723596
4.734767
5.08172
4.800459
4.224146
3.06638
1.421613
0.536454
0.878731
1.133334
-0.078908
-2.089099
-2.924693
-2.170699
-1.038889
-0.3209
0.064395
0.443846
0.866315
1.256052
1.841712
2.745102
3.540712
3.823604
3.958268
4.438252
4.798998
4.243961
2.711885
1.029244
0.422771
0.949514
1.185413
0.414347
-0.679827
-1.33376
-1.488537
-1.613153
-1.533665
-0.873657
-0.723094
-1.802071
-2.843407
-2.674608
-1.479672
-0.356747
-0.228161
-0.873677
-1.261783
-0.434377
1.100265
1.881613
1.415419
0.383202
0.877213
3.669685
5.92302
5.940319
4.128621
0.579576
-2.767
-3.717623
-2.776357
-1.462185
-1.198932
-2.081519
-2.292875
-0.450555
2.65427
4.663989
3.853879
0.357205
-4.057358
-7.015831
-8.033319
-8.64587
-9.393557
-9.181037
-7.305051
-3.788742
0.77755
4.184675
4.453539
2.205342
-0.311021
-0.810648
0.393639
0.3249
-1.989695
-4.283716
-4.034023
-1.159255
1.20607
0.549798
-1.137051
-1.573787
-2.375481
-4.375151
-5.694472
-5.039608
-2.016144
1.856471
4.617381
7.195227
9.538574
9.373277
6.574955
3.358136
1.534749
-0.814917
-6.224988
-10.834771
-11.10177
-10.102991
-9.669299
-9.024723
-7.831424
-5.120313
-2.393304
-1.476588
-0.619022
0.137777
-1.116548
-3.123232
-2.773006
0.790763
4.59394
6.147053
7.34947
10.375973
14.045185
16.292909
16.676334
15.887967
14.070425
10.410326
5.638054
2.92273
3.043834
2.843935
1.384103
1.195426
2.950773
4.30282
2.966432
-0.045113
-1.520142
-1.639381
-3.621049
-7.802516
-10.466872
-9.412917
-7.318329
-6.134149
-4.58314
-1.948014
1.413755
3.63693
3.66662
3.461577
3.47116
3.313579
3.996264
5.560833
7.334183
7.892956
6.93041
6.895104
7.836837
6.424231
2.285783
-1.194058
-3.559387
-6.493078
-8.099034
-7.214347
-6.377356
-7.749281
-10.231976
-10.993223
-11.462223
-12.79183
-11.834667
-10.183593
-10.750086
-11.960223
-11.723155
-7.848202
-2.005377
1.807386
4.020976
5.849502
7.314707
8.030358
6.84851
3.844447
-0.034252
-3.774777
-5.678591
-3.716567
0.201639
-0.008547
-4.002041
-4.884628
-1.506962
1.494291
1.514863
-0.616669
-2.481205
-2.540358
-1.011794
1.877002
4.496464
4.360158
2.513625
1.227971
0.995574
1.265374
0.36081
-1.637692
-2.177766
-0.606183
0.93407
1.36028
1.713312
1.623063
0.583364
-0.186532
-0.232125
1.023831
2.667657
2.254769
1.536541
2.407433
2.673258
1.19893
-0.680335
-1.521774
-1.230231
-0.268859
0.898254
1.04344
0.721265
0.17932
-2.415598
-4.819972
-4.902037
-4.877257
-4.015483
-1.790671
-0.995295
-1.325186
-1.033175
-0.48352
-1.384811
-3.192768
-3.136425
-3.940924
-7.359744
-8.23672
-6.456357
-4.60749
-2.094172
-0.640657
-0.180079
1.819353
3.370361
0.605472
-4.500195
-5.572392
-2.580725
0.808632
4.44254
5.176194
1.65801
-0.594162
-1.237808
-3.296396
-5.539449
-7.232144
-8.186741
-7.29504
-4.461888
-1.004029
0.745708
1.313833
3.201275
6.408737
9.415368
9.787337
6.85201
2.487012
-1.782362
-3.925117
-4.63937
-5.930401
-6.572644
-6.336044
-3.482083
2.952716
7.645025
9.15395
8.996602
6.145208
3.01653
1.919551
2.119211
2.583063
1.554118
0.015964
0.947877
3.991213
5.613063
3.594454
0.584546
-0.682404
-0.856585
-1.044093
-2.677404
-4.391841
-3.558591
-2.671099
-2.508378
-1.00974
0.072739
0.339031
0.451251
-0.473186
-0.584008
0.00399
-1.133203
-2.537859
-3.09313
-3.213538
-2.636296
-2.960107
-4.187779
-3.70803
-2.026796
-1.044149
-1.178585
-2.475461
-4.057569
-4.897138
-4.324805
-2.3726
-0.341839
1.525263
2.53433
1.238856
-0.006818
1.148372
3.426256
5.96459
8.437695
9.893782
9.471776
7.30985
5.33917
4.147269
2.65564
0.751593
-1.43044
-2.895182
-2.698327
-1.623564
-1.230085
-3.114494
-5.299799
-4.330712
-1.642514
0.005754
0.806741
2.73393
5.528038
6.528454
6.94578
8.257146
7.606018
3.817799
-0.436847
-2.235919
-3.157317
-5.798761
-7.622616
-7.559025
-7.507359
-7.053093
-5.20937
-1.502517
3.495832
7.448874
7.555483
4.60566
3.836231
5.116736
4.33398
3.70179
5.216794
6.561593
7.986819
10.971706
14.336046
16.226762
16.656245
15.799843
12.258046
6.792331
2.379405
-0.729867
-3.521176
-5.333341
-5.431772
-4.31586
-3.876324
-4.986396
-6.689611
-8.707752
-10.157297
-10.027308
-9.163196
-8.437258
-9.952267
-14.122511
-15.714439
-13.11976
-10.303207
-7.894864
-6.086678
-6.116841
-5.726869
-4.139856
-2.41233
0.69156
3.856471
4.852912
5.601996
7.257278
7.872864
5.362112
0.246158
-4.404773
-7.717216
-10.054255
-10.829296
-11.929548
-13.444557
-11.953635
-8.782645
-7.430364
-7.458656
-7.818472
-8.91288
-10.915356
-11.180718
-7.540497
-3.08222
0.507735
4.067062
5.883664
6.669688
8.926764
11.182671
10.691461
7.90366
5.747345
4.524817
3.964636
5.53201
7.445171
8.967422
11.669648
13.823152
14.270404
12.815715
9.800897
7.613253
5.536196
2.993414
2.207853
1.662869
-1.253053
-5.931806
-10.268748
-12.250183
-12.47767
-12.022001
-9.581862
-5.700596
-2.377638
0.754074
2.862923
1.937784
0.30424
0.726242
1.372923
0.837057
0.36455
0.800112
2.261576
3.508648
3.357846
2.578831
0.777888
-2.398016
-5.49443
-8.204844
-9.448414
-8.22402
-6.623914
-5.77196
-4.883532
-2.444796
2.201689
5.827882
5.836296
2.823114
-1.763991
-5.620947
-8.379055
-10.704873
-11.183225
-9.287132
-6.519208
-4.648365
-3.382355
-1.367493
0.846331
2.701977
2.682102
0.407953
-0.258371
0.529757
0.083903
-1.266513
-4.007321
-5.865076
-3.92199
-0.709852
1.35668
1.626479
0.822916
0.319548
-0.250452
0.474784
2.547862
2.386539
0.27488
-0.528216
1.074462
4.732451
7.892219
6.441738
1.381193
-1.992737
-2.772921
-3.297097
-5.395664
-9.874521
-13.9281
-15.261215
-14.60261
-12.58541
-10.587147
-9.182262
-7.979144
-6.945529
-4.72095
-1.075118
3.012123
6.492427
7.191945
6.292759
7.873459
12.057493
15.328548
15.083292
12.101439
9.709691
9.365305
9.101813
7.68079
5.584795
3.151197
0.927783
-0.702722
-1.435679
-2.105744
-3.740224
-4.668635
-5.409541
-7.001235
-6.815603
-5.819395
-5.022149
-1.895581
1.473435
2.267642
1.86317
2.417501
4.568667
5.823688
4.872599
3.392192
1.56483
-0.464533
-1.039911
0.893824
4.507392
7.078224
7.002472
5.824832
6.294762
8.237147
7.589293
2.861442
-2.587206
-6.039225
-7.560079
-8.842459
-10.192875
-9.424386
-6.544707
-3.506281
-0.242941
3.35169
5.45446
5.033856
3.206728
0.939827
-0.329695
0.760266
2.309404
3.690442
5.737334
6.268753
5.180424
4.226529
2.659617
0.522941
-0.42207
0.111687
-0.08681
-1.360773
-1.021302
1.125889
2.499913
0.689619
-3.927179
-9.11561
-14.272713
-17.773829
-18.882732
-18.893723
-16.631503
-13.483659
-12.309532
-10.991152
-7.036941
-0.934367
3.940537
5.466061
5.792206
5.641404
5.18012
5.787523
6.098704
4.836664
3.289158
2.521365
2.179317
2.180951
3.37121
5.6014
9.058558
14.266155
19.090793
21.91927
24.239939
26.756063
27.495093
26.069863
25.122514
24.392362
21.180219
15.818544
10.767585
7.954067
5.846849
2.204285
-1.049474
-2.865847
-3.113909
-0.661845
1.714234
1.941015
1.390887
0.478374
-0.125293
-1.275812
-5.114064
-11.063272
-17.697272
-22.984833
-25.493247
-25.365596
-21.345922
-14.27683
-7.675567
-2.519639
2.260578
7.721144
11.728894
10.428745
5.379657
0.817101
-1.612055
-1.087183
2.932491
8.452208
11.969452
12.696325
11.152325
8.110854
6.647982
8.033696
11.506284
15.633037
17.19293
15.521043
11.009689
4.713993
0.093456
-4.308949
-10.247636
-14.377434
-16.081117
-15.867195
-12.932808
-7.294322
0.102553
5.866589
9.618799
13.161994
13.672604
10.999598
6.942044
-1.273127
-12.711193
-23.185547
-32.186744
-38.666672
-41.385503
-42.860532
-45.530967
-47.72843
-45.649741
-39.27947
-31.970268
-24.210072
-16.124196
-10.041495
-6.117678
-3.671927
-2.330635
-0.380768
2.307196
4.614305
7.324714
11.45591
15.479558
19.140821
25.232406
31.785974
35.847732
40.294553
45.101189
47.696336
47.900438
44.791166
38.329241
29.171166
18.464417
7.884387
-2.799683
-11.936248
-19.080394
-25.673012
-27.40779
-23.889144
-20.655496
-16.51191
-10.037832
-4.520921
-2.034723
-4.411742
-10.810776
-18.768069
-29.526252
-40.478955
-45.164489
-44.537915
-41.902554
-36.656848
-29.665377
-21.049482
-10.284056
-0.737415
6.354121
12.154863
15.605942
16.661066
15.103974
8.718734
-0.729249
-7.845573
-10.216748
-6.141664
4.301356
16.064629
28.686406
42.227941
51.436511
55.537313
54.117226
48.204257
42.394158
33.482272
20.229705
7.487751
-3.619258
-11.360989
-15.496631
-18.986993
-21.822021
-22.022388
-19.388431
-16.070149
-11.435822
-5.60305
-2.851726
-1.36548
0.871724
-0.052012
-2.474154
-3.465691
-4.442031
-4.528304
-3.554307
-2.616783
-0.149289
4.30478
9.654994
14.682334
18.35178
21.011221
21.007712
17.395074
13.340325
9.20328
4.362038
0.962156
-0.474531
-0.453492
-0.324906
0.26239
3.736381
6.753065
5.758255
1.939876
-3.815982
-9.462422
-14.69925
-20.328389
-24.13578
-26.537582
-27.927743
-28.019861
-30.410441
-34.384295
-35.494835
-33.804249
-30.750158
-25.565707
-16.792233
-6.361604
2.249147
10.434153
19.299275
25.125266
26.514253
25.769139
23.474884
19.706069
16.472884
14.296229
12.234836
9.685041
5.092559
-0.342763
-3.106716
-2.724694
0.886302
6.680497
11.167532
12.69329
9.132555
0.156608
-9.292311
-17.557047
-25.184685
-29.201324
-29.809667
-29.587563
-28.083313
-25.996909
-24.199011
-21.056778
-16.283342
-10.903903
-6.707946
-4.776082
-3.079184
-0.784232
2.053363
5.704572
7.536839
6.941822
6.598605
7.875837
11.508109
17.166234
24.145781
31.836774
38.063026
41.658826
43.833371
44.839866
40.581246
29.394045
17.5805
7.673572
-1.044964
-4.41796
-3.198709
-2.232194
-3.282648
-7.456633
-12.793058
-16.872355
-18.956426
-18.192379
-17.14988
-15.765335
-11.722048
-9.304353
-10.989332
-13.543336
-14.33708
-11.869586
-6.182704
1.815498
10.099166
17.108873
23.246984
25.641066
23.784011
22.950755
23.042635
20.867149
16.06612
8.934132
2.144423
-2.64819
-8.026698
-15.542114
-22.398689
-25.511702
-27.628973
-30.671846
-30.184849
-25.475473
-20.318142
-15.404895
-10.41052
-7.868679
-9.745372
-13.024849
-15.840706
-18.188734
-16.10233
-9.298598
-2.491593
2.207963
6.259667
12.180346
17.232937
18.427404
17.883589
14.473888
7.53712
0.826902
-3.824029
-5.439571
-2.529499
4.097248
11.084511
16.572665
18.917182
15.312493
9.691069
7.252327
7.670121
11.603991
17.245984
21.25163
24.965497
28.50425
30.172859
28.638678
22.854298
14.929737
7.004007
0.520806
-2.665619
-5.077708
-9.490634
-13.70039
-15.367601
-13.321643
-7.971429
-3.08881
-0.488285
2.150816
5.963111
8.811461
8.322355
6.367573
6.115303
5.451784
3.131344
1.507853
-0.686337
-3.935654
-6.700543
-10.813273
-15.934604
-20.391017
-25.89484
-32.735517
-39.464439
-44.668768
-46.950632
-47.051869
-45.627812
-42.015647
-37.66024
-35.013658
-33.666053
-30.89813
-25.976466
-20.527356
-14.056785
-5.486014
3.368588
11.596612
19.696516
26.298948
30.585853
32.590194
31.39011
28.467642
26.015807
22.736798
18.139874
14.507831
12.575494
10.086018
8.036081
12.3473
21.245154
28.076708
32.786551
34.043209
31.219169
26.981357
19.220688
9.081132
-0.139367
-7.921545
-9.98247
-7.013248
-5.699543
-8.173589
-13.501363
-18.982976
-22.248659
-22.590006
-20.184
-17.082448
-12.394816
-4.636724
3.696276
11.92243
19.792745
25.010396
27.598997
28.540964
27.230761
22.86366
16.883824
12.248557
9.366536
7.105246
3.871828
-2.568822
-11.308634
-19.974566
-26.994799
-30.473938
-30.649523
-28.556806
-24.851122
-20.655165
-14.683518
-5.191351
7.766392
21.511331
30.670336
35.469724
40.169046
43.520294
42.753436
37.299879
28.249584
18.599833
9.690285
1.583362
-5.579487
-11.112536
-13.543796
-13.558528
-10.364626
-3.326396
4.239515
11.377577
15.540101
14.130769
10.706337
6.627742
2.551484
-1.269467
-5.699694
-6.773528
-5.975346
-7.258662
-6.439673
-3.02717
-0.120138
4.033034
8.882455
10.922333
12.314827
14.429054
14.15808
14.151765
15.227464
14.107572
12.615943
8.951636
2.996116
0.31329
-1.41541
-3.362242
-1.039936
5.183978
13.191298
21.700113
28.89943
33.956696
37.095889
37.633621
34.066573
26.733987
16.53341
5.424998
-4.155315
-12.280474
-16.201958
-13.717397
-9.270108
-6.017523
-6.375469
-12.305973
-19.481447
-25.104975
-29.625682
-32.656165
-36.208483
-40.600133
-43.185699
-43.43306
-42.496003
-40.86714
-38.361069
-36.835077
-37.025858
-38.533619
-42.707137
-45.504523
-43.836616
-40.867861
-35.575395
-26.789764
-16.59527
-6.343964
2.488894
8.1877
7.453808
0.786141
-7.614899
-16.096365
-21.166728
-20.320385
-14.504447
-5.030984
4.478484
12.45354
19.362714
24.308225
26.403747
22.896552
12.875999
-0.786648
-14.441814
-22.764064
-23.454704
-18.623286
-9.850981
1.54149
15.182155
30.206432
43.969841
56.804139
69.623708
80.551156
86.844508
85.163036
75.402465
60.593978
43.247855
27.844821
18.294668
14.343491
13.515145
12.958237
11.770077
10.091878
8.957491
10.036697
11.093925
9.345353
5.166692
-1.989611
-11.758131
-21.342184
-30.502598
-39.586325
-47.179595
-53.383175
-56.827245
-54.760012
-47.908819
-38.674999
-30.510099
-26.331209
-26.725862
-31.197237
-35.642427
-35.645703
-30.794646
-23.669443
-18.822127
-16.980274
-15.582169
-13.701974
-11.579097
-10.269601
-8.280924
-3.984902
1.11211
6.128461
9.719818
12.67174
16.448265
17.640395
15.731204
13.754445
12.542438
12.071568
12.242003
12.95555
12.369651
10.707117
11.493141
12.08371
7.128842
-3.369827
-15.943914
-24.99
-26.268172
-20.473977
-11.244131
-1.583865
6.127702
9.083598
8.424054
8.30762
10.43377
15.336262
21.530484
25.523505
26.636845
25.109679
20.417366
14.779576
11.000708
8.239326
4.837573
1.664942
-0.526442
-2.299096
-3.217454
-2.905337
-2.007792
0.31428
4.675766
7.403242
4.928729
-0.624192
-5.114973
-7.226632
-9.413107
-13.729007
-17.386066
-18.447508
-18.209739
-17.216804
-17.112299
-18.121838
-18.054975
-18.180994
-19.703251
-21.069331
-21.81351
-21.200262
-19.080892
-18.269852
-19.238243
-18.297679
-13.537336
-5.918353
2.100423
6.292172
4.931469
1.117064
-1.238913
-1.303677
-0.911602
-0.011485
2.884325
6.976476
11.115854
14.060061
13.824858
11.638851
10.821961
11.868202
13.420145
14.664412
15.903301
17.92658
19.836467
21.671306
25.333036
29.06701
30.905355
32.743934
34.78428
36.032755
36.947134
37.472708
37.531856
37.270702
37.22394
38.172687
39.553023
39.514912
34.938795
25.128192
13.873657
3.424319
-5.449926
-11.394224
-15.606084
-18.863818
-20.495725
-21.592471
-22.910389
-24.963365
-28.449986
-32.60176
-36.645754
-38.673714
-36.703975
-32.353478
-27.02828
-21.520954
-18.894478
-19.496976
-20.647027
-20.647264
-17.991797
-13.651353
-10.971805
-10.91897
-12.99743
-16.128445
-19.119182
-22.378553
-24.82688
-24.108424
-20.041289
-14.331261
-10.208716
-9.452618
-10.681225
-12.456451
-12.163505
-6.678624
2.494409
11.570884
18.228726
20.979583
20.645951
18.199027
12.338896
4.567706
-2.364619
-8.514893
-12.212165
-11.299189
-6.550068
1.065408
9.717541
17.271995
23.996937
30.416774
36.410398
42.101021
47.142389
50.589026
51.334836
49.152103
44.907745
39.362539
32.818784
25.485964
17.987616
10.686826
3.499428
-2.861964
-8.286063
-13.170558
-16.611822
-18.859552
-21.196592
-24.620088
-30.655333
-36.549598
-37.746175
-36.261097
-33.898111
-29.423935
-24.06133
-17.557093
-10.123979
-3.559188
3.559937
10.954006
18.071494
25.439378
29.872406
30.998137
30.792393
28.7815
25.244145
19.167518
10.120964
0.748497
-7.417109
-13.597542
-17.825768
-20.265679
-20.21261
-19.374449
-18.932107
-17.523013
-15.157923
-12.240369
-9.114269
-6.329512
-3.159925
-0.529942
0.887568
3.619721
7.201492
9.125174
9.577101
8.453235
5.476526
1.329661
-2.891083
-5.095794
-4.328941
-2.348681
-1.576217
-1.785001
-1.327462
0.440978
3.323228
5.274965
6.58072
9.443565
12.86542
17.233451
22.99094
29.174642
35.650356
39.028958
39.076883
38.920237
36.422344
30.799985
23.234771
12.62762
0.408437
-10.07597
-18.0017
-24.905034
-30.279334
-32.606788
-33.792377
-35.383604
-37.156257
-38.240611
-37.224297
-35.997331
-36.26433
-36.709483
-37.14201
-36.221086
-31.942364
-25.364948
-18.013196
-10.866484
-5.363366
-2.677973
-1.977753
-1.578897
-1.880264
-2.541212
-2.224185
-1.58031
-0.574517
1.931086
5.734264
8.844934
8.670285
5.693108
3.013087
1.818147
1.416714
1.863966
3.295972
4.75089
5.949799
6.747513
6.681346
7.849161
11.338816
14.680478
16.612576
15.349133
8.79065
0.309652
-6.35895
-11.230353
-13.929545
-14.130379
-12.364277
-9.922267
-8.529305
-7.282701
-4.698075
-0.568282
5.34702
11.148463
14.036792
12.919472
8.435004
3.347105
-0.23888
-1.67089
-0.404413
2.302723
5.060827
7.517332
8.569417
8.321824
7.461447
6.072689
6.804472
10.487945
13.685354
16.010232
17.885984
18.148536
18.736534
19.833274
19.01428
17.442225
16.782914
16.420292
15.497725
13.641139
11.194214
9.096582
7.929932
6.610611
4.817851
4.470893
5.277725
4.900842
2.81677
0.248739
-1.409588
-2.802321
-5.758222
-10.222583
-14.801505
-18.790323
-23.016679
-26.779181
-26.664622
-22.514022
-17.458626
-13.10018
-10.338569
-8.920124
-6.640837
-3.480368
-1.96817
-2.277954
-2.380359
-1.5934
0.313448
2.837053
3.694151
2.164881
-1.257914
-6.22868
-11.049582
-15.174937
-19.580616
-24.524963
-29.484974
-32.038744
-30.691841
-26.214392
-19.095735
-12.061246
-6.426968
0.650307
8.483214
15.318742
21.328264
23.504213
20.063182
14.024664
8.587239
5.203722
4.092247
4.586492
4.996103
3.947753
1.622403
-2.566545
-8.899648
-14.451166
-17.455931
-19.339872
-20.562635
-20.263844
-16.60679
-9.526242
-2.403143
4.029084
9.173557
10.635723
9.756175
7.575311
4.692355
2.547028
0.847787
1.425732
4.017606
5.778798
7.457694
8.459045
8.549054
9.752874
10.60062
9.868832
8.694232
6.495834
1.769854
-4.46108
-9.687153
-13.618924
-16.72843
-19.192889
-20.995703
-20.128083
-15.696693
-8.68605
0.219519
8.34514
13.369441
16.138533
17.412024
17.864653
18.305593
18.618177
19.389472
20.464001
21.070937
22.341155
24.606648
26.500169
26.711052
24.237007
19.322352
13.115499
6.370913
-0.921226
-8.661321
-16.656488
-24.47888
-30.61419
-35.246651
-39.177254
-41.781056
-43.570777
-44.494279
-44.51883
-44.111791
-41.605955
-35.372922
-25.479326
-14.548605
-3.667449
7.659559
17.082287
26.810823
37.91245
46.109379
52.816319
56.698754
55.509191
54.056606
51.439944
45.840965
40.271444
34.209078
26.65719
18.562893
10.594612
2.620252
-5.278357
-12.177016
-18.617431
-24.304786
-27.920463
-29.959412
-31.057326
-32.101234
-33.385718
-34.481996
-35.543906
-34.923177
-32.164371
-30.091294
-29.980476
-31.043555
-31.529154
-29.905669
-26.358967
-20.865201
-13.844973
-6.441084
1.631466
9.914666
16.870133
22.649131
28.227765
33.365925
36.362268
36.116311
33.935214
32.021814
31.446203
31.304753
29.746726
26.224334
21.063724
14.601331
7.415336
-0.613732
-8.485455
-13.113474
-13.552314
-11.142568
-7.232545
-3.462333
-0.840533
-0.059185
-0.608144
-0.803601
-1.86855
-4.847363
-8.052259
-10.693235
-11.233075
-8.142278
-2.556163
4.022422
9.565753
12.731599
14.049044
14.012569
13.244777
10.347091
4.159877
-2.507088
-8.732176
-14.200229
-16.436269
-15.943661
-13.244707
-8.611316
-4.75039
-1.95371
0.349191
2.235465
4.776371
6.619158
6.784918
6.16208
3.469668
-1.210255
-4.589797
-5.706649
-6.185468
-6.207214
-5.324164
-4.084573
-2.320108
0.499017
3.80444
7.286848
11.046539
13.788044
14.495979
14.15323
13.293555
11.872532
9.886188
6.878618
4.061592
1.946893
-1.386591
-5.444612
-8.436518
-9.728017
-8.14942
-3.88309
1.365656
5.915348
7.827339
6.933062
3.770251
-2.363189
-10.435043
-18.590127
-26.466526
-32.835867
-35.257074
-32.910921
-28.25906
-24.420579
-22.686741
-23.353065
-24.539122
-23.636433
-20.353454
-15.594981
-11.021207
-6.640551
-0.693452
6.396214
13.714767
20.888366
27.352624
32.857144
36.011301
35.501152
31.763667
25.694054
17.523772
8.625913
1.943049
-2.457251
-5.539637
-7.005315
-8.615713
-10.059413
-8.170802
-3.086649
3.140305
9.092781
13.548487
15.886924
16.542723
16.364801
15.3576
13.757956
12.477213
11.706848
11.331367
11.398932
11.530324
10.105561
5.690063
-0.290006
-5.585984
-10.001248
-14.132916
-17.555243
-19.071187
-18.620662
-16.8915
-13.481803
-8.529512
-3.95153
-1.813691
-2.384158
-3.214609
-2.025752
0.628779
3.735241
6.644144
8.013259
7.317709
4.532714
-0.23535
-5.348967
-9.523419
-12.529119
-13.92723
-14.02005
-13.000462
-10.712525
-8.434407
-7.353565
-7.638098
-9.355809
-11.422346
-13.030874
-15.509828
-18.501735
-19.021001
-15.811434
-9.86153
-2.650991
3.757857
7.076139
7.129442
5.905043
4.422065
3.332567
2.76584
1.006279
-0.96253
-0.586119
1.057005
2.33868
3.356864
4.336238
4.974502
4.145455
1.619974
-1.056539
-2.35552
-1.876471
-0.110369
2.579933
5.851923
8.818574
11.584394
14.971646
18.081147
19.420803
18.821578
16.531297
13.050053
9.631467
7.214469
5.566663
4.723588
5.4196
7.042618
9.024748
12.029041
14.927657
16.380003
17.252298
17.440268
15.602152
11.445
5.630927
-0.584809
-6.772724
-13.106061
-18.284907
-22.082244
-25.867892
-28.741263
-29.440787
-28.425174
-26.208311
-23.747597
-21.213237
-17.485343
-12.546378
-6.981538
-1.390746
3.563181
7.298792
8.355085
6.615865
4.211024
2.053306
0.368794
0.315954
2.176042
4.963604
7.545191
9.454611
10.787253
11.438142
11.391848
10.181009
6.893817
2.278656
-1.985107
-5.332619
-7.886856
-9.829013
-11.049437
-11.235542
-10.169897
-7.782595
-5.047637
-2.669454
0.400302
4.046134
6.938437
9.264951
10.974007
11.379642
11.02871
10.319367
9.47746
9.583602
10.794903
12.117959
12.77142
12.618514
12.203054
11.897011
11.881344
12.081238
11.80629
11.293804
10.919258
10.283561
9.749097
9.510154
9.727115
10.46638
10.315344
9.520665
9.331287
8.601603
6.971098
5.635178
4.557838
3.231503
1.713923
0.345739
-0.309597
-0.184285
-0.472325
-2.144446
-4.755496
-7.610163
-10.111563
-12.300375
-15.068304
-18.457198
-22.04178
-25.452651
-27.471259
-27.108408
-24.575451
-20.880054
-17.168057
-13.996834
-11.475333
-9.771888
-9.402023
-10.433539
-11.242247
-10.414373
-8.659961
-6.55836
-3.827377
-0.68982
2.834905
6.331575
8.928358
10.465339
10.272454
8.516868
6.725978
5.657756
6.330388
8.602895
10.708003
12.071974
12.471531
12.051161
10.671521
7.617658
4.424219
2.271879
0.550661
-0.170139
0.769724
3.074495
6.559708
10.758003
14.078389
15.974716
18.131961
20.54311
21.976518
23.110666
24.255335
24.740696
24.387659
22.974119
20.497502
17.625534
14.919094
12.508875
10.894503
10.522763
10.519487
9.516728
7.003872
3.646074
0.519968
-2.341246
-5.526034
-9.017565
-12.62506
-16.273936
-19.405419
-21.330976
-21.9634
-21.345944
-19.650215
-17.973891
-17.621093
-18.85274
-21.130863
-23.809715
-25.982161
-26.706234
-25.815235
-23.489189
-20.129057
-16.535128
-12.997544
-10.024347
-8.313655
-6.93963
-4.955396
-2.760042
-0.724372
0.7911
1.647263
2.283423
2.677135
2.452219
1.718327
0.9669
0.247504
-0.791962
-1.938506
-2.803091
-2.862244
-1.077204
2.545482
6.374845
8.590773
8.841868
8.362581
7.584969
6.000523
4.175265
3.348789
4.584639
7.919521
11.845676
14.935538
16.48865
16.311897
15.077211
13.520587
11.896161
10.335795
8.623695
6.244806
3.263187
0.482166
-1.540885
-2.946944
-4.281227
-5.86848
-7.329014
-8.42646
-9.326349
-9.945914
-10.454659
-10.894668
-10.747612
-10.117765
-9.371954
-8.447055
-7.559095
-7.08636
-7.22477
-7.729307
-7.649117
-6.466573
-4.909954
-4.185185
-5.00792
-6.927865
-8.870489
-10.286134
-10.675877
-9.304191
-6.447658
-3.094307
0.166461
2.438033
2.781946
1.632129
0.18913
-0.903408
-1.746249
-2.05463
-1.103779
0.193793
0.69061
1.024703
1.255926
1.051351
1.059298
1.203548
1.029601
0.766342
0.68755
1.115864
2.602111
5.258279
8.070624
9.915048
10.487147
9.951048
9.171098
9.086694
10.104177
12.111558
14.00017
15.393599
16.632956
16.338135
13.807277
10.681171
7.856197
4.937703
2.010559
-0.237405
-1.788418
-3.004634
-3.162216
-2.063605
-0.567539
1.150167
2.217215
1.502261
-0.13105
-1.378127
-1.787041
-1.657052
-1.802242
-2.769464
-5.078215
-8.746964
-12.571422
-14.807462
-14.112385
-10.857228
-6.707095
-2.898073
-0.23606
0.718298
-0.232558
-2.549024
-4.765658
-6.181069
-7.311949
-8.279638
-8.723622
-8.078344
-5.646855
-1.830819
1.840731
3.966647
4.112067
2.962951
1.36284
0.255573
0.429048
0.904589
0.937085
1.6518
3.227591
4.9467
6.877162
8.730236
9.881685
10.374527
10.501009
10.140024
8.669904
5.568581
1.014909
-3.981809
-8.534312
-12.705725
-15.736909
-16.410014
-14.967955
-10.811509
-3.674149
4.059161
11.01486
16.208898
18.605785
20.080108
21.317361
21.025345
19.587256
17.422291
14.924164
12.41879
9.358148
6.274827
3.638994
0.965987
-1.960455
-5.575899
-9.967082
-14.403387
-17.72635
-18.460242
-16.034598
-11.534471
-6.788623
-2.90572
-0.733746
-1.317774
-4.041281
-7.646438
-11.82089
-15.729048
-18.404159
-19.607048
-19.519143
-18.838795
-18.096725
-17.270255
-16.287841
-15.626665
-15.773258
-16.029736
-15.484524
-13.890263
-11.44685
-8.57629
-4.404414
2.227711
10.318964
18.121478
24.16981
27.154698
27.048317
24.743074
21.407486
17.897017
13.496249
7.359068
0.496882
-5.421932
-10.034755
-13.847523
-16.733519
-18.544047
-19.428973
-18.889839
-16.589276
-12.627116
-7.142469
-1.005059
5.079512
11.129014
16.309491
19.533085
21.620191
23.890827
25.876465
26.847189
26.650329
24.899185
21.442256
15.850057
8.512327
1.845829
-2.918728
-6.232573
-8.564235
-10.669582
-12.259172
-12.528743
-11.411195
-8.34214
-3.401539
1.821723
5.532785
6.533434
5.241001
2.560512
-1.633579
-7.048794
-12.570854
-16.888625
-18.55794
-17.06538
-12.982815
-7.576022
-2.723796
0.658546
2.666862
3.453588
3.840052
4.201033
3.945957
3.376191
3.749796
5.781492
8.910165
12.480714
16.302595
19.673014
21.875616
22.498683
21.423213
18.584678
13.402559
6.624072
-0.22432
-6.92051
-12.493538
-15.564467
-16.371772
-14.913347
-11.010805
-6.395884
-2.91862
-0.438033
1.00426
0.43122
-1.251188
-2.384639
-3.181423
-3.608105
-2.471386
0.199044
2.737145
3.771228
3.584889
3.084093
2.532328
2.053743
1.835608
1.839346
1.890545
1.453575
-0.087151
-2.332543
-4.384116
-6.48806
-9.482538
-13.396774
-17.124674
-19.180222
-19.22488
-17.129124
-12.559091
-7.108578
-2.267575
1.998989
4.888955
6.713974
9.401237
12.912869
16.3228
19.256485
20.895869
21.013701
20.30763
19.361918
18.321751
17.093846
15.666277
13.366411
9.19149
3.694914
-1.816625
-7.259194
-12.776812
-17.138069
-18.84596
-17.671132
-14.3615
-9.814379
-4.786104
-0.123488
3.539879
6.480812
9.296664
11.753169
12.6603
11.603066
10.353885
10.464703
11.176145
11.612175
12.051009
12.276621
11.380006
8.870658
4.726131
-0.278536
-4.483148
-7.303213
-9.788013
-12.589141
-15.612843
-18.9157
-22.119426
-24.068363
-23.893017
-21.944787
-19.412298
-16.71124
-12.986151
-8.08927
-2.981036
1.861137
5.762977
7.910168
8.522013
7.378742
4.203305
-0.102775
-5.070035
-10.051322
-13.310926
-13.842583
-11.828188
-8.535157
-6.168429
-6.052936
-7.75054
-9.789957
-10.830824
-10.679093
-9.858233
-9.136503
-9.52157
-10.936981
-12.019231
-11.604945
-9.216474
-5.498867
-1.893482
0.832592
2.246362
1.835811
-0.288473
-3.241102
-5.430849
-6.087588
-6.024933
-5.725909
-5.620703
-6.388729
-7.248404
-7.028637
-5.501944
-3.335581
-1.802575
-1.055127
-0.482327
0.079953
1.070082
2.536222
4.006337
5.47388
7.11303
9.240817
11.721871
13.873037
15.765623
17.527049
18.595968
18.771781
18.540319
18.378529
17.873992
16.094091
12.928239
9.14189
5.47618
2.012004
-1.392087
-4.133362
-5.111807
-3.952642
-1.397241
1.896493
5.690552
9.634008
13.996195
18.946382
23.535118
27.103797
29.451119
30.418804
30.188745
28.508207
25.215404
21.0316
16.217244
10.606575
4.924597
0.213346
-3.169703
-5.606107
-7.730157
-9.393861
-9.966433
-9.828729
-9.897702
-10.553973
-11.99557
-13.959937
-15.333966
-15.402237
-14.234423
-11.830989
-8.616045
-5.72608
-3.955536
-3.349536
-3.318911
-3.150813
-2.765985
-2.050101
-0.590507
1.092831
2.016561
2.050927
1.626115
1.02876
0.003323
-1.79949
-4.295045
-7.33675
-10.345723
-12.453174
-13.340437
-12.834502
-11.440138
-10.371921
-9.662582
-8.638553
-7.37114
-6.363009
-5.932357
-5.711889
-5.50802
-5.470615
-4.768992
-2.829179
-0.01847
3.262404
6.305039
8.806667
10.461248
10.609239
9.638043
8.421126
8.242035
9.138878
8.778828
6.889276
4.458951
1.269018
-1.311872
-2.179029
-2.090422
-1.642703
-2.033147
-3.950287
-6.348114
-8.59561
-10.409879
-10.889633
-9.740756
-7.648039
-5.142437
-2.207816
1.121922
3.855711
4.575103
3.321246
0.929263
-2.025001
-4.410437
-5.640447
-5.757816
-4.1694
-1.12279
2.236172
5.126605
7.078576
7.984071
7.476728
5.878254
4.498847
2.798437
-0.088026
-2.844031
-4.528543
-5.313637
-5.131043
-4.095558
-3.039966
-3.036695
-3.988954
-4.760721
-4.786208
-4.391794
-4.612969
-6.09057
-7.945988
-9.307158
-10.20237
-10.483163
-9.914571
-8.865759
-8.026195
-7.77206
-8.10499
-8.708891
-8.79119
-7.80901
-6.150455
-4.637555
-3.681561
-2.715045
-0.966478
1.44093
3.849741
5.936846
8.202573
11.069159
13.962397
16.291483
17.666676
17.906316
17.792922
17.851368
17.720907
17.025592
15.166433
12.128937
8.839874
5.469216
1.923678
-1.127612
-3.32414
-4.642759
-5.045828
-4.794499
-3.972704
-2.641231
-1.422214
-0.959298
-1.347404
-2.315795
-3.569419
-4.616365
-4.619407
-2.961086
-0.134245
2.353355
3.796349
4.863164
6.443397
9.26673
12.961426
16.149717
18.204792
18.563201
16.383974
12.115768
6.719257
0.420757
-6.414777
-12.713979
-17.612735
-21.017761
-22.874348
-22.944723
-21.5541
-19.840836
-19.091518
-19.769065
-21.449135
-23.396669
-24.897883
-25.824892
-26.383904
-26.180035
-24.97341
-23.114257
-20.42372
-16.764562
-12.895921
-9.202862
-5.240234
-0.942576
3.045302
6.207641
8.383824
9.357587
9.20772
8.748774
9.065099
10.629434
12.648271
14.011306
15.06082
16.955042
19.942969
23.454835
26.67048
28.789382
29.371301
28.460892
26.581393
24.230793
21.715834
19.0966
15.725241
11.307639
6.468969
1.754678
-2.107889
-4.350475
-5.082029
-4.742792
-3.41202
-1.062126
1.843971
4.476292
6.227665
6.747627
5.926996
3.75829
0.520196
-2.793415
-5.296919
-6.635645
-6.694096
-5.952494
-4.809929
-3.148568
-1.353242
0.085778
1.15306
1.714872
1.738483
1.323257
0.226745
-1.797708
-4.648634
-7.828747
-10.945735
-13.910988
-16.053976
-16.743915
-16.284038
-14.861852
-12.680292
-10.365935
-8.175725
-6.4821
-5.870957
-6.188456
-6.620048
-6.419453
-5.645586
-4.716478
-3.845118
-3.574618
-4.080557
-4.622736
-4.411385
-2.899889
-0.143889
3.125763
6.244616
8.705564
10.203033
10.964274
11.779756
13.321647
14.995633
15.793814
15.624075
14.666205
13.551691
13.082925
12.9707
12.872035
12.644547
11.968871
11.303014
10.655393
9.077726
6.599005
3.980006
1.42834
-1.108831
-3.273094
-4.733629
-5.525269
-5.103033
-2.945321
0.257232
3.959175
8.236727
12.203563
14.484954
15.180966
15.252272
14.697235
13.363185
11.929537
10.898723
10.48186
10.518096
10.015195
8.580847
6.621857
4.217483
1.890964
0.407284
-0.082991
0.471106
1.446739
1.877391
1.923447
1.732432
0.82553
-0.815262
-2.883435
-4.896432
-6.513844
-7.967832
-9.215376
-9.891754
-9.95535
-9.516281
-8.519606
-6.800497
-4.778621
-3.431016
-3.284661
-4.069755
-5.083502
-6.158739
-7.684034
-9.474456
-11.243135
-13.142741
-14.967297
-16.367979
-17.323978
-17.771235
-17.783395
-17.72074
-17.601506
-16.831614
-14.855328
-11.965129
-8.822195
-5.53641
-2.34321
0.138779
1.935275
3.447473
4.842773
6.339073
7.833502
8.583755
8.052332
6.433751
4.125234
1.437732
-0.790125
-1.703807
-2.001434
-2.584526
-2.921898
-2.797521
-2.340216
-1.029083
0.716678
1.782324
1.901324
1.518362
1.274976
1.303731
1.509937
2.009092
2.598492
3.125235
3.34921
2.834386
1.887739
0.889188
-0.191893
-1.244918
-2.127973
-2.546473
-2.653554
-3.010565
-3.319648
-3.281308
-3.115548
-2.715757
-2.109523
-1.62276
-1.547947
-1.822194
-1.864981
-1.501897
-0.819679
0.613496
2.94866
5.55199
7.726536
9.151996
9.575868
8.963316
7.906316
7.172424
7.188086
7.586006
7.434503
6.56384
5.421738
4.259763
3.537327
3.673394
4.584733
5.855887
6.734494
6.950754
7.063208
7.25375
7.275023
7.022754
6.23953
4.685244
2.586677
0.554275
-1.008195
-2.257844
-3.45746
-4.656375
-5.47724
-5.254667
-3.998711
-2.576758
-1.934987
-2.372191
-3.710916
-5.951866
-8.68566
-11.166953
-13.288198
-14.834302
-15.495249
-15.537335
-14.624593
-12.21812
-9.178524
-6.745633
-5.357815
-5.254713
-6.497348
-8.540738
-10.783792
-12.694853
-13.857529
-14.707619
-15.602363
-16.053361
-15.89368
-15.178263
-13.995251
-12.797744
-11.429097
-9.471281
-7.052651
-4.269999
-1.242327
2.011661
5.45783
8.354108
10.228926
11.357697
11.875088
11.882099
11.554313
11.087417
10.985245
11.549395
12.71721
14.508329
16.493966
17.756001
17.851154
16.932562
15.306266
13.182449
10.720094
8.032592
4.950206
1.448388
-2.045481
-5.094901
-7.143201
-7.524293
-6.290781
-4.15902
-1.638922
0.657198
1.80514
1.550299
0.097012
-2.21618
-4.539894
-6.407703
-7.875017
-8.970126
-9.8464
-10.231233
-9.755458
-8.426791
-6.054686
-3.056239
-0.556949
0.864302
1.388473
1.808838
2.651675
3.588498
4.270015
4.580962
4.557113
4.279359
3.844026
3.72806
4.147723
4.593105
4.582581
4.125505
3.506641
2.72786
1.556066
-0.156736
-2.612545
-5.613803
-8.436206
-10.462529
-11.361248
-11.437703
-11.366397
-11.161593
-10.366451
-8.75559
-6.601619
-4.383353
-2.225407
-0.299153
1.129813
2.173949
2.807771
2.928174
2.849616
2.899412
3.113334
3.340349
3.371675
3.006013
2.492826
2.462664
2.769169
2.848892
2.557578
1.651377
0.156475
-1.342636
-2.379295
-2.725318
-2.391224
-1.393146
0.188957
1.903157
3.593976
5.254401
6.494226
7.156571
7.375403
7.447176
7.857955
8.536666
8.900686
8.828908
8.704525
8.816278
9.260022
9.955099
10.533745
10.769878
10.774083
10.473885
9.65793
8.505775
7.310834
5.976551
4.582415
3.449665
2.463973
1.784088
1.840665
2.486644
3.66194
5.173905
6.172918
6.118908
4.932151
2.833818
0.499116
-1.500555
-3.037774
-4.354289
-5.875143
-7.791114
-9.881264
-11.725459
-12.961548
-13.527106
-13.737292
-13.698017
-13.077989
-11.961843
-10.810161
-9.55023
-7.777114
-5.301203
-2.275635
0.84088
3.592203
5.493206
6.325756
6.46159
6.040051
5.238825
4.532755
3.626788
2.2399
0.584145
-1.37765
-3.279126
-4.659467
-5.579696
-6.083999
-6.261454
-6.008254
-5.111176
-3.635918
-1.467685
1.209759
3.750665
5.82725
7.230966
7.888869
8.102557
8.150717
8.063976
7.653893
6.81526
5.829802
5.128875
4.67741
3.955208
2.779672
1.458715
0.385583
-0.407927
-1.398762
-2.530811
-3.386979
-4.116663
-4.561348
-4.469702
-4.1314
-3.569821
-2.825881
-2.069316
-1.286799
-0.724519
-0.337353
0.171855
0.68153
1.17975
1.461941
1.068457
0.299496
-0.5036
-1.547508
-2.638642
-3.472599
-4.169318
-4.76901
-5.451935
-6.517819
-7.580664
-7.839714
-6.943337
-5.395368
-4.016435
-2.935125
-1.95575
-1.175104
-0.700732
-0.606514
-0.673616
-0.510428
-0.223795
0.043666
0.443223
1.072603
2.047301
3.267954
4.438575
5.571086
6.695181
7.601143
8.132094
8.265356
8.115489
7.769934
6.96637
5.447387
3.280318
0.604038
-2.234263
-4.700126
-6.418772
-7.099826
-6.662627
-5.20467
-2.96583
-0.638848
1.477248
3.779915
6.090998
7.877908
9.107679
9.688429
9.456032
8.903333
8.699927
8.813784
9.096208
9.741954
10.350759
10.151562
9.093393
7.388073
5.126316
2.642451
0.270108
-1.852774
-3.755653
-5.583015
-7.282957
-8.692523
-9.722169
-10.386857
-10.951246
-11.49623
-11.773049
-11.721382
-11.273896
-10.507044
-10.006954
-9.848676
-9.545677
-9.029221
-8.295568
-7.438704
-6.92482
-6.747604
-6.572259
-6.281183
-5.712123
-4.931243
-4.040946
-2.817253
-1.482273
-0.375246
0.613714
1.262031
1.453976
1.54609
1.442048
1.009988
0.378499
-0.406829
-1.078297
-1.466403
-1.322152
-0.331322
1.011607
2.22735
3.070654
3.28294
3.570508
4.414747
5.415163
6.640492
8.137961
9.619766
10.932535
11.917053
12.527962
12.447534
11.374168
9.558496
7.209532
4.948944
3.482331
2.422759
1.419065
0.560092
-0.273398
-0.912369
-1.419711
-2.325912
-3.58351
-4.988868
-6.617502
-8.227433
-9.471704
-10.115584
-10.13733
-9.884598
-9.362765
-8.435293
-7.560894
-7.059402
-6.829815
-6.722972
-6.41483
-5.839458
-5.345914
-5.088038
-5.04923
-5.165664
-5.157951
-4.803985
-4.181619
-3.394893
-2.511142
-1.831029
-1.506053
-1.20095
-0.84184
-0.654571
-0.436908
-0.071252
0.174934
0.300715
0.333444
0.12957
-0.164783
-0.40887
-0.636123
-0.82106
-1.072394
-1.273462
-1.010443
-0.303209
0.617015
1.574412
2.213144
2.314609
1.800954
0.676153
-0.486523
-1.097204
-1.282608
-1.176934
-0.756803
-0.304642
0.024075
0.053764
-0.321015
-0.423888
0.106829
1.0004
2.216844
3.147822
3.329247
3.583849
4.270743
4.924672
5.367715
5.361867
4.83886
4.380615
4.485354
5.132736
6.087795
7.088445
7.709876
7.480752
6.505113
5.500718
4.948486
4.697385
4.40537
3.904808
3.100309
2.019929
0.866371
-0.468848
-2.103561
-3.798126
-5.492925
-6.886593
-7.553385
-7.56274
-6.654673
-4.864958
-2.923274
-0.993514
0.657326
1.566795
1.961442
2.006562
1.843136
1.710336
1.438661
1.082352
0.853929
0.716922
0.885954
1.431401
2.057741
2.682445
3.0474
2.770582
1.954159
0.883365
0.001947
-0.395979
-0.543507
-0.514285
-0.36115
-0.304106
-0.359285
-0.758379
-1.650786
-2.844324
-4.278205
-5.764924
-7.052682
-7.97104
-8.26703
-7.981566
-7.386555
-6.604038
-5.735016
-5.173203
-5.234695
-5.472703
-5.308112
-4.751677
-4.046781
-3.284137
-2.242806
-0.870886
0.441415
1.502151
2.444118
3.397774
4.375746
5.334078
6.141144
6.493941
6.223669
5.284503
3.908136
2.838043
2.403178
2.384706
2.625982
3.020863
3.789352
4.934255
5.832267
6.138539
5.89001
5.448832
5.292653
5.407679
5.834824
6.472387
6.779594
6.761121
6.548363
6.092222
5.648239
5.163341
4.450257
3.657214
2.859963
2.158101
1.580151
1.006644
0.735437
1.14154
1.993261
2.846852
3.502885
3.958319
4.317196
4.393645
3.723813
2.403324
1.008019
-0.437084
-2.244106
-4.116824
-5.461161
-5.919173
-5.339825
-4.038279
-2.540108
-1.096179
0.049191
0.692599
0.895533
0.951641
1.168603
1.33483
1.220734
1.171401
1.204831
1.015921
0.800825
0.990665
1.795159
2.862909
3.63093
3.986533
3.891375
3.43313
2.93701
2.455619
2.130171
2.240988
2.554274
2.52832
2.108651
1.816636
1.893553
2.05978
1.928383
1.295492
0.487486
-0.222793
-1.063764
-2.163081
-3.470946
-4.676641
-5.346706
-5.451917
-4.946684
-3.846203
-2.42238
-0.661188
1.399733
3.606075
5.787167
7.267335
7.559579
6.826388
5.468491
4.155016
3.18569
2.073046
0.384092
-1.724294
-3.432186
-3.796678
-2.822447
-1.277518
0.165944
1.060216
1.431718
1.700114
1.944196
2.145025
2.377184
2.278986
1.6655
0.847674
-0.041927
-0.852037
-1.485396
-2.220691
-3.119644
-3.999893
-4.648216
-4.881314
-4.944909
-5.046146
-5.150188
-5.465116
-5.846909
-5.873798
-5.601193
-5.340044
-5.405978
-5.605409
-5.440818
-5.020687
-4.375877
-3.470616
-2.841704
-2.714287
-2.897587
-3.062884
-2.9689
-3.104037
-3.628213
-3.903863
-3.673809
-2.963068
-1.973406
-1.125192
-0.41866
0.093588
0.080259
-0.344553
-0.65761
-0.383369
0.393069
1.241985
2.031516
2.634009
3.022577
3.301261
3.238601
2.779187
2.157517
1.578399
1.057496
0.180052
-1.069363
-2.190891
-2.942084
-3.208615
-3.223113
-3.216803
-2.924559
-2.409039
-1.809819
-0.970255
0.194286
1.854478
3.746831
5.341326
6.617155
7.543457
8.100126
8.178679
7.433331
6.295203
5.315357
4.407753
3.509501
2.337473
0.848416
-0.313091
-0.830721
-0.854571
-0.82114
-1.212753
-2.132514
-3.570604
-5.0793
-5.951834
-6.213689
-6.187273
-5.975455
-5.546673
-4.81302
-3.981406
-3.316723
-2.903839
-2.698568
-2.453317
-2.183284
-2.032253
-1.889405
-1.861118
-1.980591
-2.000233
-2.018238
-2.184236
-2.340415
-2.435807
-2.581465
-2.697899
-2.580068
-2.335051
-2.194775
-2.23312
-2.491936
-2.619124
-2.073912
-0.970625
0.141546
0.903957
1.37225
1.670339
1.650464
1.373879
1.019206
0.523086
-0.125704
-0.978833
-1.996087
-2.94858
-3.743026
-4.09349
-3.742095
-3.000493
-2.197402
-1.348019
-0.411196
0.518613
1.180491
1.447719
1.446313
1.37851
1.35653
1.281245
1.054693
0.759404
0.381586
-0.273283
-1.211748
-2.040094
-2.467712
-2.699641
-2.702683
-2.230181
-1.753939
-1.652006
-1.520614
-1.056529
-0.115731
1.309962
2.933915
4.586392
5.981457
6.925528
7.711318
8.461571
9.0318
9.118537
8.442159
7.324839
6.119144
4.808474
3.594362
2.777004
2.31759
1.948188
1.516362
0.926489
0.082011
-0.852713
-1.792815
-2.832747
-3.665068
-4.003375
-4.114665
-4.256583
-4.333037
-4.142261
-3.608972
-2.935404
-2.425495
-2.217418
-2.326136
-2.553857
-2.547314
-2.265824
-1.857383
-1.3774
-1.088195
-1.159272
-1.374134
-1.666383
-2.029239
-2.316344
-2.602749
-3.043927
-3.739944
-4.614114
-5.291895
-5.638385
-5.748272
-5.585084
-5.197685
-4.627222
-3.860135
-3.026885
-2.250446
-1.667125
-1.397325
-1.388911
-1.539479
-1.706413
-1.883867
-2.254438
-2.653767
-2.796853
-2.695621
-2.334407
-1.907262
-1.755998
-1.748051
-1.737065
-1.737068
-1.517067
-0.927199
-0.000195
1.11595
2.225082
3.354554
4.425109
5.226096
5.781362
6.133692
6.435288
6.837417
7.143922
7.236504
7.096924
6.769372
6.541417
6.356948
6.045528
5.816404
5.73691
5.835804
6.073807
6.149087
6.088531
5.914584
5.428751
4.825317
4.344394
4.010061
3.76387
3.361736
2.642807
1.642854
0.569956
-0.282238
-0.837509
-1.110587
-1.157816
-1.136076
-1.127661
-1.23825
-1.452411
-1.55318
-1.535648
-1.554822
-1.71895
-2.054451
-2.454949
-2.851237
-3.221809
-3.512889
-3.670237
-3.517102
-2.905257
-1.955809
-0.891099
0.106278
0.880378
1.335345
1.436109
1.127962
0.428438
-0.409728
-1.102004
-1.551833
-1.822105
-2.027849
-2.136099
-2.058247
-1.80458
-1.346106
-0.681189
-0.03217
0.298416
0.291868
0.155327
-0.041299
-0.302219
-0.710198
-1.33818
-1.936235
-2.346552
-2.67504
-2.872835
-2.848289
-2.614962
-2.297935
-2.075362
-1.888327
-1.562884
-1.074484
-0.526232
-0.093476
0.149203
0.21256
0.129559
0.084668
0.141712
0.106874
-0.037382
-0.197769
-0.363066
-0.377798
-0.087191
0.509925
1.311146
2.084544
2.61082
2.757876
2.625778
2.487835
2.291443
1.980022
1.738741
1.412591
0.796767
-0.035087
-0.948301
-1.614158
-1.944516
-2.247754
-2.611545
-3.037292
-3.535283
-3.947938
-4.131004
-3.865412
-3.06349
-1.95693
-0.801974
0.095337
0.628626
1.041042
1.405062
1.857925
2.635298
3.556223
4.470601
5.333778
5.914528
6.285796
6.618019
6.733045
6.513507
6.000553
5.273909
4.507519
3.745103
2.884026
2.012427
1.347037
0.931109
0.70596
0.636987
0.638388
0.58391
0.477063
0.473553
0.667836
1.178681
2.146365
3.380578
4.573877
5.537821
6.100802
6.235934
5.940879
5.199973
4.127309
2.861061
1.644143
0.730227
0.190854
0.035143
0.103643
0.165597
0.19365
0.215624
0.274773
0.444741
0.691394
0.951141
1.189611
1.366359
1.486295
1.548015
1.548714
1.536086
1.495169
1.378736
1.12179
0.625202
-0.101209
-0.998291
-1.911038
-2.625993
-3.279459
-4.056603
-4.803121
-5.408424
-5.93751
-6.445788
-6.972068
-7.530144
-8.0438
-8.396368
-8.541793
-8.44664
-8.067423
-7.392453
-6.378243
-5.07015
-3.671811
-2.458873
-1.666069
-1.283345
-1.249214
-1.556659
-2.006488
-2.489282
-2.97909
-3.289809
-3.375849
-3.275318
-3.100207
-3.033343
-2.963206
-2.82106
-2.630986
-2.253406
-1.766876
-1.320559
-0.927315
-0.549969
-0.004522
0.661797
1.153237
1.321335
1.115357
0.626952
0.092956
-0.211918
-0.116297
0.208912
0.518223
0.81187
1.167941
1.553236
1.868626
2.129308
2.382741
2.541487
2.498232
2.262328
2.011695
1.84593
1.679698
1.565369
1.632933
1.915358
2.319825
2.627032
2.753046
2.710259
2.544962
2.353479
2.022887
1.605089
1.344636
1.12276
0.895039
0.853655
0.994164
1.324517
1.79772
2.121059
2.075466
1.65837
1.036466
0.452204
-0.007677
-0.363987
-0.558742
-0.583294
-0.457046
-0.036914
0.692764
1.497024
2.203323
2.709258
2.987474
3.09759
3.070701
3.003365
2.89979
2.602164
2.10768
1.424756
0.510372
-0.491685
-1.502393
-2.587449
-3.599794
-4.271496
-4.497347
-4.334159
-3.96593
-3.540188
-3.018823
-2.477117
-2.069611
-1.722191
-1.357469
-0.965394
-0.632001
-0.569346
-0.644865
-0.666845
-0.799878
-1.083009
-1.405184
-1.612331
-1.472289
-1.050521
-0.57498
-0.123286
0.181115
0.180879
-0.030944
-0.17707
-0.224767
-0.352189
-0.56822
-0.818619
-1.103855
-1.36384
-1.527267
-1.543167
-1.372498
-0.985566
-0.492957
-0.161435
-0.034486
0.011803
0.07025
0.381899
0.950492
1.337657
1.30843
1.007531
0.598383
0.169596
-0.183206
-0.471013
-0.882499
-1.426314
-1.841307
-1.933425
-1.648663
-1.078667
-0.415621
0.183365
0.605834
0.871425
1.020118
0.925895
0.54644
0.012912
-0.469648
-0.69924
-0.701113
-0.590763
-0.444642
-0.463582
-0.700187
-1.044339
-1.572958
-2.20094
-2.625986
-2.871709
-3.019004
-2.849036
-2.283716
-1.51663
-0.731541
-0.084159
0.334102
0.517162
0.488403
0.424106
0.516687
0.739727
1.04974
1.508915
2.106031
2.674156
3.051736
3.243447
3.305401
3.253729
3.058506
2.737266
2.479619
2.322505
2.054804
1.675349
1.37819
1.269238
1.343349
1.513083
1.678142
1.845538
2.091958
2.354276
2.546221
2.724372
2.810874
2.672464
2.395178
2.025074
1.545553
1.030963
0.465405
-0.223832
-1.013601
-1.86977
-2.775736
-3.661597
-4.356679
-4.719534
-4.821706
-4.804876
-4.749936
-4.685878
-4.461435
-4.003429
-3.533265
-3.128097
-2.717084
-2.343712
-1.906046
-1.198812
-0.211255
0.847143
1.693487
2.264417
2.708162
3.1318
3.463322
3.483894
3.183929
2.811254
2.480194
2.186309
1.988748
1.868106
1.684806
1.375957
0.947171
0.455259
0.025537
-0.394833
-0.832738
-1.116804
-1.351773
-1.682832
-1.932063
-2.007582
-1.954512
-1.799975
-1.51381
-1.042711
-0.513864
-0.107059
0.128139
0.285949
0.459658
0.548732
0.637573
0.841441
0.91415
0.792105
0.528379
0.056106
-0.498931
-1.051162
-1.642204
-2.268784
-2.806286
-2.977428
-2.754622
-2.265521
-1.531166
-0.714748
0.08881
0.910138
1.60802
2.044283
2.304497
2.533616
2.652382
2.495034
2.090796
1.626472
1.291438
1.08172
0.938166
0.881117
0.810975
0.643106
0.365352
-0.02439
-0.444526
-0.877054
-1.319868
-1.702129
-1.967024
-2.056571
-1.953235
-1.613998
-1.097542
-0.578983
-0.011325
0.611274
1.082373
1.293256
1.273848
1.227788
1.291378
1.289505
1.124676
0.864457
0.506978
0.067437
-0.363922
-0.682122
-0.7871
-0.711118
-0.623213
-0.499771
-0.129438
0.447571
0.99442
1.468325
1.866245
2.03598
1.918611
1.561834
1.087924
0.726237
0.531715
0.477939
0.624528
0.870012
1.111055
1.329887
1.483957
1.628207
1.763339
1.904784
2.136942
2.300364
2.351797
2.482487
2.671626
2.960364
3.416967
3.756672
3.809975
3.624805
3.122606
2.307587
1.304828
0.229591
-0.798184
-1.715139
-2.487842
-3.145516
-3.64865
-3.745912
-3.324145
-2.534848
-1.620469
-0.764072
0.07292
0.904534
1.607794
2.22712
2.885724
3.520481
3.931027
3.942948
3.549465
2.894129
2.133116
1.357374
0.578125
-0.132153
-0.640899
-1.081375
-1.65535
-2.192151
-2.489076
-2.642917
-2.830425
-3.170836
-3.646616
-4.050387
-4.233686
-4.2393
-4.017429
-3.488582
-2.822496
-2.162957
-1.541058
-0.94254
-0.239514
0.432884
0.810932
0.993993
1.070442
0.943955
0.576891
0.023256
-0.527572
-0.948878
-1.305187
-1.621985
-1.909792
-2.249034
-2.581496
-2.684837
-2.423688
-1.785658
-0.879229
0.023226
0.785169
1.437929
1.931004
2.234237
2.406777
2.500293
2.468962
2.27444
2.02895
1.780655
1.483029
1.114796
0.640652
0.122087
-0.345744
-0.760502
-1.142062
-1.532506
-1.918274
-2.297729
-2.771171
-3.298621
-3.695143
-3.827475
-3.701695
-3.494085
-3.329494
-3.246499
-3.272453
-3.266143
-3.088459
-2.732623
-2.210322
-1.690126
-1.352525
-1.220198
-1.26883
-1.357442
-1.397424
-1.410519
-1.346929
-1.312797
-1.463131
-1.676123
-1.742758
-1.592896
-1.339462
-1.14027
-1.070133
-1.095619
-1.08627
-0.966568
-0.73441
-0.454324
-0.228712
-0.045417
0.100002
0.162424
0.130157
-0.019242
-0.229428
-0.4492
-0.628291
-0.635074
-0.499942
-0.363173
-0.318286
-0.440798
-0.578274
-0.473068
-0.191344
0.092249
0.440137
0.916847
1.441953
1.983659
2.571657
3.203842
3.80236
4.283513
4.653611
4.922476
5.075844
5.049656
4.748289
4.211254
3.552177
2.891464
2.323568
1.885429
1.673372
1.678981
1.79915
2.111968
2.605278
3.062349
3.318822
3.30222
3.099983
2.824801
2.490235
2.227444
2.065186
1.782757
1.312354
0.682736
-0.121763
-1.009026
-1.924813
-2.844574
-3.647436
-4.214397
-4.460354
-4.434171
-4.270048
-4.040228
-3.797783
-3.492446
-3.069743
-2.575265
-2.043846
-1.53721
-1.016546
-0.391608
0.287103
1.025666
1.81169
2.492972
2.978567
3.250471
3.320373
3.215396
2.956814
2.646328
2.424218
2.303109
2.20725
2.089179
1.862861
1.479431
0.990325
0.394373
-0.18872
-0.519779
-0.617509
-0.645801
-0.652116
-0.557197
-0.298152
0.065868
0.500027
0.913144
1.071422
0.952183
0.744802
0.639124
0.785478
1.088243
1.325311
1.474939
1.625735
1.863739
2.21864
2.612119
2.964682
3.185618
3.172523
2.944101
2.595039
2.171629
1.676444
1.195053
0.885737
0.674148
0.353375
0.000339
-0.251463
-0.468897
-0.671836
-0.812116
-0.885064
-0.888807
-0.887407
-0.992852
-1.188309
-1.342384
-1.460921
-1.634869
-1.804842
-1.915431
-2.034202
-2.200902
-2.422077
-2.668034
-2.834968
-2.846427
-2.676225
-2.383046
-2.091035
-1.802298
-1.540214
-1.49182
-1.664365
-1.859121
-2.000805
-2.103444
-2.164935
-2.199306
-2.116077
-1.696881
-0.875553
0.173025
1.213654
2.060699
2.670907
3.126576
3.480308
3.722286
3.835207
3.844557
3.751269
3.520275
3.24673
3.01971
2.755283
2.340758
1.752521
1.169195
0.767061
0.512687
0.422906
0.451895
0.425941
0.334757
0.145846
-0.186382
-0.549004
-0.931265
-1.365663
-1.708412
-1.849161
-1.914393
-1.97074
-1.869509
-1.614438
-1.301854
-0.90744
-0.393557
0.177608
0.527132
0.555653
0.48481
0.352946
0.170815
-0.029552
-0.332789
-0.64608
-0.867489
-0.972232
-0.908642
-0.771873
-0.643755
-0.532236
-0.438018
-0.279039
-0.084989
-0.01532
-0.076578
-0.160046
-0.277415
-0.48199
-0.699658
-0.911013
-1.21051
-1.622931
-2.083981
-2.504585
-2.829566
-3.045363
-3.188216
-3.290154
-3.311432
-3.23171
-3.069223
-2.858107
-2.583397
-2.169579
-1.709001
-1.27905
-0.823382
-0.467545
-0.32306
-0.3586
-0.573229
-0.909432
-1.280938
-1.630234
-1.937212
-2.229929
-2.516567
-2.812556
-3.052669
-3.188507
-3.28273
-3.314763
-3.312428
-3.324354
-3.310095
-3.319215
-3.306593
-3.201386
-3.038432
-2.687739
-2.135045
-1.554061
-0.948061
-0.289223
0.368914
0.884668
1.086667
0.999458
0.65741
0.050937
-0.612114
-1.166918
-1.562739
-1.634517
-1.412646
-1.077384
-0.636678
-0.192933
0.020755
-0.092873
-0.460873
-0.927535
-1.33902
-1.550843
-1.562068
-1.421091
-1.139367
-0.907911
-0.74145
-0.448972
-0.085653
0.304552
0.732165
1.203497
1.772791
2.347229
2.960242
3.680102
4.302468
4.671397
4.675837
4.246816
3.483699
2.563705
1.773935
1.301662
1.106673
1.127478
1.354025
1.818344
2.501731
3.353919
4.306173
5.203251
5.872844
6.207872
6.275204
6.189397
5.967755
5.65236
5.28927
4.94582
4.6012
4.089883
3.379604
2.472235
1.403779
0.349117
-0.603142
-1.344048
-1.720932
-1.65173
-1.147432
-0.440198
0.308886
1.01121
1.45098
1.678229
1.847729
1.941012
1.98473
1.874842
1.404674
0.597837
-0.334082
-1.110759
-1.576953
-1.76072
-1.707417
-1.51968
-1.320955
-1.113813
-0.866926
-0.597594
-0.353746
-0.192896
-0.158764
-0.260468
-0.464108
-0.692297
-0.788858
-0.595744
-0.121138
0.415658
0.773366
0.903588
0.82994
0.668149
0.671186
0.710228
0.45562
-0.041903
-0.755922
-1.657447
-2.440671
-3.075433
-3.621118
-3.92833
-4.110694
-4.320413
-4.431703
-4.384245
-4.300548
-4.325567
-4.429141
-4.448315
-4.277646
-3.862658
-3.313939
-2.869259
-2.66048
-2.730856
-3.030119
-3.465919
-3.94731
-4.298476
-4.367917
-4.056735
-3.337343
-2.397247
-1.420445
-0.504663
0.179659
0.595114
0.771395
0.64444
0.412511
0.263346
0.060641
-0.071457
0.136152
0.578027
0.998859
1.252293
1.393738
1.467148
1.380406
1.138657
0.756864
0.327843
0.010812
-0.245199
-0.467776
-0.620214
-0.681238
-0.554289
-0.303894
-0.147253
-0.223941
-0.468729
-0.73526
-1.055331
-1.377273
-1.543271
-1.571563
-1.482021
-1.210585
-0.661398
0.11995
0.889374
1.551953
2.101374
2.496489
2.763249
2.908902
3.045905
3.277596
3.418573
3.371577
3.340246
3.44966
3.623603
3.771127
3.884516
3.970551
3.946935
3.816239
3.809924
4.087673
4.544744
4.944535
5.132272
5.195161
5.231163
5.156345
4.942886
4.594292
3.960465
2.998153
1.905615
0.890465
0.124777
-0.343522
-0.686271
-1.009381
-1.273575
-1.464824
-1.564657
-1.558815
-1.511123
-1.540584
-1.714999
-1.989947
-2.277754
-2.534934
-2.716363
-2.693219
-2.458022
-2.154556
-1.819994
-1.514424
-1.337676
-1.260759
-1.232706
-1.167245
-0.992367
-0.710878
-0.341247
-0.002945
0.178713
0.174503
0.039131
-0.082212
-0.14043
-0.171294
-0.226706
-0.412811
-0.695475
-0.913376
-0.909638
-0.650827
-0.350634
-0.127126
0.058039
0.136826
0.12981
0.100582
0.053587
0.039556
0.021318
-0.007676
-0.015861
-0.044153
-0.012593
0.110148
0.338799
0.753319
1.195194
1.612987
2.107232
2.547937
2.914295
3.305201
3.640464
3.784247
3.744031
3.700776
3.725556
3.729528
3.691651
3.608182
3.465797
3.254676
2.956348
2.603779
2.218479
1.743167
1.131083
0.482293
-0.042585
-0.364526
-0.467867
-0.494055
-0.610254
-0.833767
-1.18353
-1.585197
-1.903397
-2.148419
-2.244045
-2.106574
-1.885171
-1.637348
-1.350248
-1.224935
-1.398181
-1.786989
-2.321218
-2.915066
-3.38804
-3.62558
-3.690111
-3.666968
-3.457722
-2.968854
-2.31703
-1.621018
-0.938099
-0.38143
0.003866
0.270626
0.415344
0.461399
0.487816
0.46911
0.412294
0.388211
0.394053
0.477984
0.698218
0.993736
1.208593
1.209058
1.069011
0.862799
0.613335
0.442427
0.276194
0.008961
-0.287496
-0.666718
-1.09831
-1.457659
-1.768612
-1.980435
-2.108324
-2.272452
-2.444296
-2.612165
-2.778397
-2.916808
-3.072052
-3.194096
-3.227766
-3.201583
-3.107833
-3.025772
-3.017358
-2.990474
-2.943249
-2.878023
-2.691221
-2.359933
-1.843945
-1.210824
-0.78251
-0.665614
-0.766851
-1.043436
-1.314643
-1.478537
-1.628871
-1.765178
-1.86057
-1.910838
-1.862913
-1.686164
-1.422677
-1.134408
-0.837955
-0.599017
-0.460845
-0.334831
-0.19175
-0.042356
0.181386
0.54938
1.047366
1.538571
1.949818
2.350544
2.732099
3.007276
3.136329
3.145445
3.110373
3.027606
2.808535
2.494543
2.259574
2.22497
2.359868
2.570517
2.861125
3.194517
3.465485
3.707697
3.878366
3.871116
3.796766
3.696698
3.537012
3.406317
3.301807
3.261124
3.36259
3.455638
3.471768
3.493275
3.405598
3.083891
2.600629
2.063594
1.606752
1.328063
1.166974
1.078363
1.089816
1.15668
1.216062
1.305603
1.486326
1.625199
1.528405
1.263042
0.941569
0.555567
0.170266
-0.158923
-0.452575
-0.70274
-0.905913
-1.051805
-1.062094
-0.925559
-0.840927
-0.994768
-1.286783
-1.543729
-1.722119
-1.798573
-1.806992
-1.801618
-1.713946
-1.503531
-1.237472
-1.018874
-0.916006
-0.883978
-0.92396
-1.149811
-1.585378
-2.123114
-2.624845
-2.994481
-3.209344
-3.313152
-3.351497
-3.315261
-3.174752
-2.918746
-2.640062
-2.505865
-2.537898
-2.647084
-2.783624
-2.872469
-2.780356
-2.494658
-2.140925
-1.824133
-1.647618
-1.58356
-1.502201
-1.446092
-1.380398
-1.19687
-0.967751
-0.67574
-0.319202
-0.02953
0.215721
0.440398
0.571088
0.54981
0.310399
-0.114881
-0.583881
-0.935281
-1.099175
-1.174694
-1.219118
-1.224732
-1.262843
-1.358235
-1.492203
-1.718288
-2.016849
-2.295772
-2.559732
-2.779737
-2.888456
-2.974729
-3.054457
-3.034353
-2.925406
-2.709613
-2.435138
-2.2301
-2.062938
-1.913777
-1.788465
-1.671802
-1.587638
-1.420709
-1.064638
-0.53322
0.135906
0.766922
1.248074
1.602976
1.823678
1.937067
1.945248
1.874404
1.762647
1.546382
1.355133
1.349987
1.465013
1.700444
2.0156
2.238874
2.332157
2.339402
2.31111
2.226005
2.014416
1.758172
1.532087
1.33289
1.195181
1.077812
0.978913
0.926072
0.76662
0.440237
0.06008
-0.256952
-0.390686
-0.358425
-0.177936
0.200813
0.637778
1.066326
1.555193
1.992625
2.278323
2.392881
2.320402
2.120269
1.810485
1.482231
1.263628
1.115164
1.092249
1.227849
1.407637
1.667383
1.959861
2.14713
2.268001
2.336968
2.392844
2.455265
2.389332
2.184055
1.89204
1.605168
1.575941
1.805527
2.045634
2.19269
2.214899
2.101972
1.906047
1.656817
1.304716
0.757862
0.124502
-0.340523
-0.572452
-0.577832
-0.347077
-0.025842
0.225955
0.33911
0.34168
0.346821
0.330686
0.22641
0.149488
0.221729
0.487087
0.915868
1.382291
1.815983
2.19894
2.422915
2.443019
2.390412
2.371472
2.387836
2.348088
2.148656
1.867395
1.552
1.132799
0.682503
0.238286
-0.212945
-0.597544
-0.936787
-1.184848
-1.297307
-1.392465
-1.43759
-1.377741
-1.25009
-1.045754
-0.872512
-0.81617
-0.875089
-1.051843
-1.201709
-1.255719
-1.297337
-1.323759
-1.31324
-1.253157
-1.171564
-1.114053
-0.989207
-0.776688
-0.58638
-0.423426
-0.221895
0.062634
0.365866
0.53677
0.521804
0.345285
0.048827
-0.28457
-0.554375
-0.717568
-0.877488
-1.097026
-1.300899
-1.465495
-1.536806
-1.468072
-1.338317
-1.157361
-0.94905
-0.807371
-0.725545
-0.675514
-0.666165
-0.709888
-0.766937
-0.761328
-0.709194
-0.63555
-0.538994
-0.434957
-0.288369
-0.134065
-0.021144
0.081491
0.132924
0.103697
-0.004086
-0.18458
-0.372088
-0.595367
-0.872887
-1.093594
-1.245565
-1.364103
-1.468846
-1.599308
-1.712234
-1.780506
-1.871222
-2.033479
-2.242964
-2.401247
-2.436787
-2.361507
-2.18546
-1.914492
-1.639081
-1.435914
-1.273895
-1.124968
-0.910345
-0.53557
-0.11918
0.199717
0.42603
0.579866
0.691151
0.785837
0.852934
0.84732
0.78957
0.74234
0.638064
0.508538
0.45897
0.420625
0.393502
0.411034
0.526294
0.855478
1.266725
1.637057
1.994297
2.251939
2.387773
2.437569
2.43593
2.433589
2.335158
2.142507
1.932788
1.615289
1.25594
1.028219
0.87204
0.727784
0.649927
0.603867
0.525776
0.455868
0.459373
0.511741
0.554055
0.587486
0.591926
0.52646
0.414468
0.220414
-0.082122
-0.353797
-0.491272
-0.467895
-0.249998
0.108878
0.509604
0.859596
1.106483
1.289778
1.425611
1.483357
1.463715
1.473766
1.634616
1.898103
2.180762
2.436533
2.557638
2.521163
2.37644
2.159707
1.946949
1.727411
1.467894
1.224742
1.004736
0.843881
0.746385
0.589505
0.377448
0.132426
-0.172448
-0.45932
-0.752037
-1.06486
-1.306609
-1.4857
-1.563323
-1.530594
-1.507685
-1.546731
-1.713431
-1.970611
-2.130063
-2.187813
-2.255149
-2.327629
-2.292796
-2.101318
-1.903295
-1.796218
-1.70878
-1.621343
-1.539516
-1.394798
-1.171057
-0.933054
-0.725678
-0.604106
-0.547529
-0.444661
-0.329168
-0.27189
-0.261839
-0.341099
-0.451688
-0.472732
-0.413818
-0.319132
-0.265595
-0.317267
-0.482564
-0.72291
-0.876985
-0.900835
-0.860624
-0.70445
-0.523494
-0.419924
-0.346514
-0.3886
-0.506203
-0.56068
-0.626847
-0.698859
-0.77882
-0.981057
-1.286399
-1.662114
-2.031516
-2.311842
-2.545641
-2.640799
-2.547517
-2.414255
-2.272342
-2.135807
-2.050941
-1.909263
-1.681781
-1.510176
-1.434428
-1.397257
-1.354708
-1.245294
-1.036749
-0.699148
-0.273874
0.010421
0.04128
-0.116068
-0.427255
-0.810685
-1.225911
-1.630383
-1.927308
-2.178643
-2.410104
-2.573765
-2.678275
-2.703995
-2.719194
-2.74281
-2.749125
-2.844751
-2.979888
-3.069201
-3.152903
-3.189144
-3.125788
-2.972419
-2.788424
-2.569358
-2.257241
-1.918705
-1.589755
-1.225034
-0.825711
-0.417971
0.004265
0.491028
0.981766
1.422471
1.829276
2.13321
2.377993
2.6008
2.735464
2.858439
2.973932
3.035185
3.04921
2.910332
2.651984
2.395272
2.14721
1.952688
1.764479
1.50239
1.243807
1.022165
0.796782
0.570464
0.416857
0.396981
0.371027
0.192637
-0.052852
-0.293666
-0.587552
-0.925625
-1.231668
-1.496329
-1.735506
-1.952473
-2.168036
-2.308551
-2.279329
-2.08528
-1.74838
-1.356772
-0.997896
-0.694897
-0.498744
-0.351922
-0.196449
-0.109011
-0.09031
-0.091949
-0.053141
0.068898
0.228345
0.428941
0.68144
0.968072
1.240678
1.362016
1.374872
1.445944
1.559333
1.679502
1.840119
2.020608
2.172573
2.262115
2.261645
2.169293
2.020829
1.835659
1.607938
1.408272
1.332286
1.354494
1.396341
1.444501
1.515105
1.58945
1.631765
1.631295
1.573311
1.461553
1.324779
1.157144
1.022007
1.010314
1.066891
1.096113
1.04374
0.929177
0.82607
0.733951
0.635286
0.528906
0.421123
0.337654
0.198309
-0.034088
-0.261575
-0.475035
-0.674466
-0.788562
-0.795812
-0.693412
-0.512689
-0.321679
-0.10238
0.201554
0.564873
0.909254
1.153335
1.267426
1.295011
1.278409
1.291967
1.365845
1.36631
1.262735
1.142794
0.970016
0.768246
0.631238
0.579801
0.615335
0.636608
0.556647
0.437642
0.317234
0.19402
0.081795
0.019602
0.040641
0.067292
0.057704
0.077808
0.112407
0.12199
0.138354
0.179499
0.228594
0.23093
0.116834
-0.086338
-0.298629
-0.534065
-0.826782
-1.139605
-1.458039
-1.76642
-2.007468
-2.20386
-2.36565
-2.396514
-2.274241
-2.065462
-1.833772
-1.6285
-1.47747
-1.418555
-1.454563
-1.547616
-1.711043
-1.919593
-2.116219
-2.323366
-2.530746
-2.668222
-2.691838
-2.624974
-2.545018
-2.452905
-2.317772
-2.172587
-1.990695
-1.731884
-1.42117
-1.088479
-0.786181
-0.525032
-0.268793
-0.02892
0.183833
0.329487
0.382322
0.433287
0.551119
0.725295
0.927527
1.166933
1.485363
1.817352
2.093698
2.326558
2.471042
2.525748
2.551697
2.577412
2.67163
2.871992
3.164236
3.521242
3.856738
4.10947
4.259332
4.359395
4.496865
4.616333
4.713122
4.842877
4.932185
4.982215
4.964678
4.745841
4.374803
3.939002
3.454338
2.973882
2.513299
2.074926
1.674429
1.316249
0.9735
0.629114
0.379416
0.222536
0.02591
-0.184978
-0.318011
-0.360799
-0.327836
-0.256764
-0.182653
-0.137065
-0.128884
-0.114859
-0.08026
-0.042153
0.028919
0.122903
0.156099
0.121495
0.057432
0.006462
0.046438
0.097404
0.02773
-0.110915
-0.272705
-0.464655
-0.705235
-1.016188
-1.326205
-1.614246
-1.88522
-2.068052
-2.167184
-2.188696
-2.141705
-2.087233
-2.032995
-1.989277
-1.920543
-1.784242
-1.664306
-1.567985
-1.445711
-1.338401
-1.257509
-1.203738
-1.19509
-1.179195
-1.115838
-1.099475
-1.228767
-1.393597
-1.425863
-1.369053
-1.344975
-1.34825
-1.346616
-1.331188
-1.257311
-1.130829
-1.010192
-0.912467
-0.874127
-0.907095
-0.926269
-0.959704
-1.114714
-1.299183
-1.425904
-1.529946
-1.51896
-1.360916
-1.190246
-1.000873
-0.738087
-0.479042
-0.287799
-0.183995
-0.165528
-0.152671
-0.066169
0.073639
0.223033
0.41755
0.675426
0.902441
1.070071
1.247754
1.373534
1.384287
1.372594
1.351082
1.206359
0.941465
0.652255
0.329378
0.011645
-0.156224
-0.253018
-0.4611
-0.751947
-0.992994
-1.130236
-1.208326
-1.191028
-1.017787
-0.77277
-0.496424
-0.222182
-0.015274
0.187192
0.379838
0.500475
0.595862
0.731696
0.918731
1.017157
0.957536
0.861911
0.760206
0.688896
0.694504
0.717414
0.771418
0.859558
0.928058
0.944421
0.89158
0.834064
0.773741
0.658243
0.546719
0.460679
0.361547
0.218694
-0.003416
-0.222019
-0.298473
-0.282811
-0.292867
-0.327939
-0.369791
-0.385458
-0.381019
-0.442977
-0.523874
-0.572038
-0.702032
-0.951029
-1.204
-1.338904
-1.359948
-1.280225
-1.069109
-0.88184
-0.809365
-0.715148
-0.611812
-0.581654
-0.555004
-0.482997
-0.421277
-0.427826
-0.549169
-0.785073
-0.958319
-0.963699
-0.894264
-0.728972
-0.453327
-0.19475
-0.01356
0.085334
0.156874
0.235894
0.264649
0.273297
0.286153
0.256926
0.248273
0.368209
0.615096
0.89378
1.160306
1.477567
1.856783
2.193683
2.430283
2.577806
2.637188
2.684179
2.749172
2.721114
2.607954
2.450606
2.176125
1.839221
1.535048
1.197676
0.790633
0.390369
0.014421
-0.372516
-0.70568
-0.910957
-1.008686
-1.028795
-1.00799
-0.978768
-0.933414
-0.902789
-0.869124
-0.768127
-0.695652
-0.715527
-0.725349
-0.675553
-0.537147
-0.340293
-0.23041
-0.204228
-0.186929
-0.186698
-0.244448
-0.42541
-0.620867
-0.653367
-0.598661
-0.561022
-0.533671
-0.557287
-0.624389
-0.609195
-0.470322
-0.280948
-0.105603
-0.031258
-0.023545
0.084467
0.328782
0.661707
0.937118
1.026893
1.062428
1.146359
1.256241
1.346484
1.373836
1.392303
1.335722
1.2083
1.202686
1.273758
1.354416
1.407251
1.334538
1.247329
1.205009
1.188173
1.146555
0.961619
0.808245
0.732259
0.543815
0.36075
0.238237
0.080422
-0.136311
-0.442822
-0.713094
-0.903173
-1.158249
-1.437405
-1.62351
-1.717266
-1.771743
-1.820609
-1.892621
-1.968842
-1.919279
-1.799344
-1.757496
-1.656031
-1.440005
-1.244786
-1.056582
-0.912566
-0.877966
-0.870721
-0.873997
-0.863478
-0.791939
-0.736298
-0.666628
-0.507181
-0.35732
-0.253049
-0.151349
-0.06812
-0.000321
0.042227
0.038016
0.015569
-0.018334
-0.090346
-0.1668
-0.141085
0.038001
0.307567
0.587887
0.852777
1.126084
1.426511
1.742836
2.037652
2.233571
2.297162
2.288742
2.26536
2.20948
2.102398
2.006305
1.934995
1.844279
1.799153
1.795176
1.687159
1.471128
1.249953
1.054263
0.835426
0.522603
0.099661
-0.377288
-0.809348
-1.202364
-1.584157
-1.7892
-1.782656
-1.727015
-1.64098
-1.519642
-1.396199
-1.284914
-1.208231
-1.108636
-1.004365
-0.915992
-0.768001
-0.658586
-0.631235
-0.55385
-0.436253
-0.349984
-0.308137
-0.284993
-0.257174
-0.186102
-0.000937
0.170667
0.184926
0.150556
0.105664
0.006999
-0.081145
-0.099851
-0.073668
-0.072502
-0.050761
0.098633
0.376615
0.731984
1.000615
1.034279
0.919482
0.737819
0.507059
0.318382
0.185583
0.0612
0.004852
0.049505
0.025889
-0.231758
-0.614253
-0.945079
-1.157135
-1.193844
-1.17374
-1.309579
-1.566992
-1.843577
-2.092573
-2.224437
-2.202229
-2.125312
-2.166463
-2.327786
-2.456143
-2.522544
-2.572345
-2.611626
-2.592924
-2.51063
-2.499177
-2.525365
-2.431614
-2.291806
-2.152466
-1.963326
-1.839182
-1.830534
-1.837083
-1.838956
-1.83475
-1.812308
-1.787294
-1.714586
-1.600262
-1.518435
-1.439414
-1.345898
-1.247238
-1.031212
-0.687298
-0.379624
-0.141854
0.074172
0.23432
0.354957
0.493597
0.625456
0.70097
0.746558
0.810148
0.826979
0.779282
0.770863
0.8244
0.989224
1.258088
1.413327
1.412156
1.347625
1.26556
1.313018
1.481584
1.642434
1.805622
1.954314
2.065365
2.192782
2.413952
2.731212
2.951914
2.968044
2.884576
2.761128
2.637681
2.544627
2.437545
2.314566
2.141787
1.902843
1.72422
1.595863
1.376325
1.044096
0.618816
0.188393
-0.156694
-0.497106
-0.844765
-1.115738
-1.33738
-1.480467
-1.440958
-1.334582
-1.358198
-1.486322
-1.616316
-1.676638
-1.653261
-1.655134
-1.716391
-1.801028
-1.858779
-1.796825
-1.693957
-1.636912
-1.61447
-1.638554
-1.555091
-1.32831
-1.149925
-0.984166
-0.77492
-0.604951
-0.446673
-0.247714
-0.012751
0.227824
0.401533
0.438003
0.385864
0.356169
0.261011
0.010612
-0.280702
-0.567808
-0.829663
-1.006417
-1.125656
-1.211929
-1.314803
-1.398037
-1.30569
-1.073999
-0.802095
-0.525048
-0.317439
-0.169214
-0.064943
0.012442
0.170486
0.378096
0.551103
0.739541
0.956736
1.163878
1.289191
1.269549
1.172054
1.053282
0.942693
0.877695
0.74513
0.505953
0.284778
0.064772
-0.185861
-0.396047
-0.574203
-0.768258
-0.971898
-1.151223
-1.312078
-1.445111
-1.434125
-1.28777
-1.179992
-1.117103
-1.031302
-1.035279
-1.140958
-1.123893
-0.901789
-0.608843
-0.345356
-0.138916
0.008608
0.134388
0.293836
0.504484
0.741318
0.945889
1.059278
1.085227
1.069794
1.110472
1.272491
1.433575
1.487579
1.498331
1.482898
1.393118
1.257746
1.102269
0.909617
0.753672
0.724679
0.79201
0.884591
0.925035
0.903991
0.949345
1.121184
1.331832
1.469069
1.470002
1.388638
1.311482
1.269162
1.276407
1.311007
1.314044
1.21912
1.015713
0.811138
0.692601
0.620589
0.55559
0.499009
0.442194
0.42302
0.477492
0.529159
0.485904
0.378822
0.271507
0.155774
0.079554
0.115556
0.166054
0.178209
0.244137
0.341161
0.390957
0.349572
0.200875
0.04002
-0.019601
0.056614
0.148494
0.081158
-0.083672
-0.210392
-0.307187
-0.417542
-0.533274
-0.542862
-0.433915
-0.321461
-0.163884
0.028762
0.106147
0.126017
0.22304
0.375707
0.528842
0.644803
0.679402
0.629601
0.596399
0.669341
0.757948
0.749529
0.629355
0.350666
-0.025984
-0.339509
-0.575413
-0.736735
-0.825113
-0.918167
-0.956512
-0.898066
-0.868376
-0.895966
-0.979201
-1.173489
-1.39443
-1.50946
-1.545468
-1.564174
-1.512274
-1.341604
-1.107576
-0.88664
-0.732102
-0.705452
-0.802246
-0.8614
-0.784483
-0.63579
-0.424908
-0.187138
-0.007818
0.170099
0.414648
0.643299
0.730971
0.695665
0.655683
0.634873
0.628558
0.650766
0.659881
0.653566
0.630652
0.537364
0.384224
0.213316
0.051526
-0.074961
-0.153753
-0.159834
-0.1243
-0.14511
-0.195145
-0.157506
-0.045286
0.045658
0.102469
0.174242
0.261913
0.302358
0.280612
0.255593
0.222158
0.163238
0.090525
-0.074305
-0.323068
-0.48439
-0.505435
-0.52227
-0.626547
-0.742513
-0.79208
-0.757948
-0.603411
-0.341093
-0.025936
0.261632
0.45381
0.627753
0.878849
1.211774
1.562467
1.815433
1.979556
2.161916
2.378409
2.575732
2.651713
2.56918
2.436381
2.275994
2.023256
1.775896
1.629069
1.534379
1.48411
1.421917
1.286312
1.191856
1.144626
1.07542
1.047595
1.062556
1.135264
1.297751
1.458133
1.614541
1.761597
1.789884
1.720911
1.601672
1.439648
1.229462
0.854215
0.342196
-0.134519
-0.579204
-1.031838
-1.435141
-1.746795
-1.983634
-2.180026
-2.326152
-2.398632
-2.379229
-2.29109
-2.20903
-2.133983
-2.038129
-1.960043
-1.944381
-1.961919
-1.888509
-1.722282
-1.559094
-1.322727
-1.031418
-0.833394
-0.65197
-0.439217
-0.298474
-0.219219
-0.164279
-0.134589
-0.127344
-0.13249
-0.184396
-0.353434
-0.501196
-0.462622
-0.36443
-0.310425
-0.249874
-0.154955
-0.009068
0.170953
0.337648
0.487042
0.616563
0.672205
0.658642
0.654431
0.644609
0.604861
0.584051
0.597608
0.642027
0.696733
0.739749
0.744657
0.664696
0.54382
0.437206
0.338541
0.226316
0.000932
-0.33831
-0.605776
-0.721742
-0.750502
-0.754245
-0.743025
-0.648106
-0.472059
-0.322198
-0.190573
-0.047491
0.072444
0.188639
0.266725
0.248252
0.145847
-0.012671
-0.152484
-0.265644
-0.404055
-0.544803
-0.698878
-0.858798
-0.982479
-1.051452
-1.038596
-1.022934
-1.062214
-1.095182
-1.09986
-1.087939
-1.158782
-1.335302
-1.494287
-1.690211
-1.932661
-2.135834
-2.390208
-2.622371
-2.704436
-2.743951
-2.752604
-2.713328
-2.633372
-2.406124
-2.122296
-1.928715
-1.710584
-1.46884
-1.320148
-1.184314
-1.008501
-0.771433
-0.403205
-0.009025
0.308703
0.54203
0.626662
0.554182
0.384677
0.267074
0.328794
0.47094
0.570535
0.525644
0.329485
0.215624
0.237364
0.262612
0.313343
0.389325
0.404519
0.35238
0.307488
0.289951
0.246462
0.184036
0.149198
0.159015
0.182158
0.129551
-0.01564
-0.18912
-0.374056
-0.55946
-0.711196
-0.821318
-0.854987
-0.81688
-0.807531
-0.860606
-0.960206
-1.082718
-1.155899
-1.149355
-1.040876
-0.851503
-0.645296
-0.417814
-0.269822
-0.191503
0.075023
0.530224
0.974203
1.302919
1.432674
1.311565
1.003885
0.727534
0.638221
0.718879
0.965298
1.330721
1.688662
1.95098
2.098504
2.174018
2.195524
2.15601
2.08844
2.07254
2.133792
2.161144
2.105965
1.980413
1.770928
1.555832
1.351725
1.135694
0.994712
0.930649
0.890199
0.83993
0.73542
0.626468
0.502787
0.293068
0.105327
-0.019757
-0.153492
-0.232986
-0.30266
-0.479881
-0.645645
-0.717424
-0.772602
-0.828716
-0.830121
-0.71416
-0.533204
-0.391759
-0.292164
-0.245407
-0.237928
-0.246113
-0.35717
-0.581851
-0.825938
-1.04384
-1.180614
-1.175239
-1.022338
-0.843719
-0.859386
-1.064195
-1.231129
-1.340782
-1.463762
-1.485508
-1.34757
-1.096474
-0.779448
-0.518299
-0.422912
-0.514095
-0.691316
-0.820141
-0.859655
-0.747435
-0.519252
-0.300186
-0.028516
0.263494
0.437671
0.574439
0.700921
0.760537
0.774095
0.743231
0.738319
0.828796
0.998998
1.213855
1.342908
1.353661
1.32607
1.245407
1.159601
1.123828
1.083145
0.977232
0.780138
0.553352
0.356726
0.26227
0.288686
0.264603
0.183473
0.090886
-0.086101
-0.20043
-0.204641
-0.196461
-0.122116
-0.057824
-0.054086
0.006699
0.09741
0.139959
0.117979
0.10465
0.162396
0.199099
0.1839
0.111654
-0.068606
-0.263829
-0.367872
-0.400606
-0.420949
-0.456255
-0.510264
-0.631608
-0.826831
-1.06554
-1.356854
-1.647233
-1.836845
-1.887114
-1.883609
-1.904186
-1.902786
-1.889696
-1.838029
-1.664788
-1.494118
-1.358051
-1.157923
-1.00736
-0.930209
-0.830147
-0.767258
-0.705538
-0.575549
-0.454912
-0.284476
0.022263
0.363605
0.670812
0.922843
1.094213
1.188431
1.200352
1.204558
1.271889
1.386915
1.515501
1.492586
1.261592
1.015401
0.809891
0.631033
0.53003
0.488178
0.484669
0.426217
0.234267
0.066164
0.057745
0.144247
0.200122
0.167856
0.062878
-0.119018
-0.343466
-0.535183
-0.65372
-0.654892
-0.622396
-0.690668
-0.778578
-0.803363
-0.790974
-0.703537
-0.540349
-0.374121
-0.219584
-0.052889
0.130172
0.327494
0.503073
0.622307
0.738035
0.871063
0.938394
0.913843
0.854923
0.810733
0.82055
0.889518
0.996594
1.128921
1.244414
1.304498
1.324836
1.334653
1.38024
1.44687
1.460662
1.431902
1.390284
1.356848
1.360353
1.322943
1.164659
0.955174
0.809516
0.709215
0.553737
0.380958
0.240911
0.063223
-0.161927
-0.37749
-0.518472
-0.532503
-0.504917
-0.576929
-0.738252
-0.883443
-1.017411
-1.158861
-1.201648
-1.123796
-1.011108
-0.904967
-0.785265
-0.617635
-0.558253
-0.796027
-1.207046
-1.56429
-1.709013
-1.70247
-1.829658
-1.986772
-1.828494
-1.477333
-1.275101
-1.366986
-1.635621
-1.781279
-1.78362
-1.802092
-1.744347
-1.558247
-1.322582
-1.098606
-0.999946
-0.932148
-0.705133
-0.427151
-0.2995
-0.370811
-0.459422
-0.351878
-0.184716
-0.166482
-0.179811
-0.049354
0.16597
0.295959
0.264862
0.17321
0.167597
0.222069
0.269995
0.378942
0.590526
0.828997
0.911992
0.793221
0.770306
0.976045
1.168692
1.186691
1.095742
1.06254
1.087554
1.020218
0.900979
0.799742
0.708558
0.712998
0.812827
0.889042
0.915459
0.96432
1.009908
1.016919
1.13779
1.368312
1.506951
1.499467
1.343989
1.165366
1.201368
1.332759
1.215391
0.895086
0.762754
0.913317
1.051956
1.033951
1.061771
1.341624
1.732062
1.945751
1.880285
1.632457
1.410347
1.181457
0.874713
0.770904
0.848289
0.824205
0.756869
0.731383
0.786322
0.962135
1.147768
1.228659
1.173013
1.091883
1.100063
1.114556
0.99672
0.754971
0.598324
0.635262
0.735091
0.766884
0.716382
0.764074
0.911831
0.840053
0.609994
0.521382
0.50478
0.406817
0.219309
-0.017998
-0.278685
-0.631955
-1.003695
-1.132286
-1.07758
-1.108444
-1.158479
-1.114995
-1.064497
-0.929131
-0.694635
-0.640864
-0.750751
-0.752858
-0.711478
-0.823704
-1.064517
-1.213683
-1.216023
-1.256706
-1.23029
-1.088611
-1.077625
-1.070614
-0.940157
-0.824664
-0.697481
-0.462751
-0.128891
0.020269
-0.079799
-0.036782
0.075672
-0.038658
-0.308229
-0.540392
-0.5432
-0.450852
-0.365753
-0.142946
-0.086136
-0.32882
-0.436603
-0.280663
-0.052479
0.033088
-0.128702
-0.434746
-0.77843
-0.977628
-0.991191
-1.065541
-1.184546
-1.243933
-1.336285
-1.343769
-1.120963
-0.861918
-0.767934
-0.778458
-0.811192
-0.87432
-0.926459
-0.968311
-1.012735
-0.971356
-0.849783
-0.723769
-0.642878
-0.69151
-0.787136
-0.753705
-0.646863
-0.54189
-0.39951
-0.26391
-0.182551
-0.148186
-0.072204
0.088412
0.132831
0.139843
0.28947
0.326174
0.29531
0.417818
0.588253
0.773652
0.85314
0.905509
1.217158
1.448147
1.352755
1.19681
1.039929
0.988959
1.204751
1.44065
1.503773
1.52715
1.548657
1.592141
1.780579
1.991462
1.975561
1.654555
1.34103
1.489956
1.880162
2.096188
2.259142
2.356633
2.134523
1.760211
1.718593
1.961739
1.864477
1.37654
0.998019
0.887665
0.948917
0.962475
0.763511
0.453961
0.093443
-0.183376
-0.20629
-0.15252
-0.174499
-0.20396
-0.174738
-0.04171
0.089682
0.149765
0.273441
0.421666
0.426807
0.366018
0.399916
0.487821
