0.008326
0.012739
0.013775
0.009356
0.006495
0.009869
0.015841
0.018435
0.00986
0.003362
0.016088
0.01063
0.012445
0.013221
0.001269
0.012176
0.010095
0.015027
0.015803
0.003851
0.011381
0.009559
0.013453
0.015528
0.004615
0.009807
0.013181
0.007203
0.011616
0.013951
0.014987
0.011607
0.00407
0.013678
0.011078
0.00536
0.007435
0.006392
0.019118
0.017037
0.006643
0.009757
0.013391
0.014686
0.008968
0.005588
0.01104
0.010777
0.011554
0.013629
0.013626
0.009726
0.003748
0.014915
0.022705
0.008934
-0.002499
0.009188
0.021653
0.014637
0.006061
0.007617
0.018524
0.012546
0.002672
0.009163
0.009679
0.012793
0.015388
0.011488
0.011485
0.011742
0.014596
0.012255
0.008356
0.005235
0.00757
0.01562
0.013019
0.011197
0.010155
0.014049
0.015864
0.004431
0.007285
0.022868
0.01767
-0.000257
0.018183
0.017141
-0.008839
0.019473
0.013495
-0.000536
0.02336
-2.2e-05
0.006729
0.026728
0.005423
0.008018
0.007236
0.011908
0.014243
0.00281
0.015016
0.017611
0.017348
0.008513
-6.3e-05
0.013442
0.018634
0.015774
0.00564
0.007974
0.018882
0.012125
0.00225
0.011339
0.019908
0.008995
0.005095
0.011327
0.012882
0.010541
0.008979
0.005859
0.008973
0.018322
0.015721
0.014159
0.010519
0.004282
0.005837
0.011549
0.010507
0.00297
0.016475
0.011017
0.006858
0.018544
0.004254
0.013862
0.01282
0.005284
0.013593
0.005797
0.018522
0.008908
-0.000447
0.017993
0.011496
0.013052
0.008113
0.007071
0.01512
0.004986
0.009919
0.010435
0.013549
0.012247
0.003153
0.015358
0.012498
0.010417
0.009374
0.003137
0.017421
0.014301
0.008063
0.010658
0.010135
0.016366
0.008051
0.004411
0.013759
0.0096
0.002843
0.008035
0.011929
0.011146
0.007506
0.005165
0.015553
0.01555
0.01217
0.005153
0.009306
0.020473
0.004104
0.00592
0.008774
0.014486
0.01708
-0.001366
0.009801
0.016292
0.01473
0.009791
0.009269
0.019656
0.005106
0.006142
0.005879
0.004837
0.023278
0.006909
0.001711
0.011838
0.013134
0.012092
-0.0009
0.014683
0.016499
0.001429
0.00844
0.011034
0.015447
0.008171
0.004271
0.009463
0.015175
0.014912
0.003219
0.011789
0.01802
0.009704
0.000869
0.005282
0.021125
0.012809
0.000337
0.007088
0.013579
0.013576
0.004221
0.008634
0.020321
0.014603
0.006027
0.001868
0.015632
0.019266
4e-05
0.001855
0.013282
0.012759
0.003924
0.007038
0.019244
0.016124
-0.000245
-0.001806
0.018193
0.018709
0.001821
0.002338
0.009868
0.012982
0.01116
0.004923
0.013492
0.019464
0.008031
0.001793
0.015817
0.022568
0.00646
0.0023
0.012688
0.013984
0.004369
0.004106
0.014234
0.018907
0.010851
0.003834
0.006428
0.013439
0.010579
0.001224
0.007975
0.017583
0.013943
0.000172
0.007962
0.01835
0.010034
-0.003477
-0.001921
0.020935
0.01236
0.005083
0.014172
0.01313
0.012347
0.002733
0.004548
0.02117
0.020128
0.000642
0.002457
0.013884
0.000113
-0.006384
0.014134
0.020106
0.019064
0.01984
0.012823
0.014898
0.006063
-0.002512
-0.003814
0.003716
0.012025
0.005268
0.013837
0.019549
0.018767
0.015387
0.006811
0.006808
0.007844
-0.00203
0.00524
0.015888
0.003935
0.014582
0.01406
0.007563
0.010417
0.005218
0.01067
0.010667
0.006248
0.007024
0.011957
0.011694
0.009613
0.008051
0.011685
0.007785
0.004405
0.009597
0.008555
0.006993
0.00673
0.016858
0.018154
0.010098
0.010874
0.009312
0.006971
0.003591
0.00151
0.013197
0.013973
0.007735
0.011369
0.004872
0.002271
0.000189
0.00694
0.024861
0.024339
0.016283
0.012123
-0.001907
-0.009444
-0.001134
0.014189
0.021719
0.015222
0.019115
0.005864
-0.000633
0.006897
0.000919
0.015463
0.020395
0.009222
0.006362
0.003501
0.011031
0.013626
0.006609
0.015438
0.009201
0.004002
0.010753
0.008152
0.008669
0.004249
0.012299
0.012296
0.000344
0.006835
0.00865
0.010205
0.011241
0.006043
0.007598
0.009154
0.007852
0.003433
0.010963
0.017974
0.015892
0.010174
0.01095
0.017442
-0.002564
0.004707
0.014835
0.007818
0.010152
0.004175
0.0169
0.010663
0.003386
0.014553
0.008835
0.004416
0.009868
0.005189
0.008563
0.012976
-0.000535
0.014009
0.020759
0.00595
0.011661
0.013736
0.008798
0.006976
0.008272
0.011906
0.008525
0.012159
0.010857
0.006958
0.007734
0.001236
0.010065
0.017855
0.007202
0.006419
0.012131
0.007192
0.007189
0.009005
0.008482
0.017051
0.020425
0.007434
0.00743
-0.002444
-0.013097
0.003265
0.002742
0.016247
0.019101
0.01676
0.026628
0.014676
0.009477
0.004539
0.007913
0.00687
0.004789
0.015177
0.00842
0.002182
0.006855
0.003475
0.010745
0.013859
0.005803
0.012035
0.020084
0.008132
-0.002522
0.007346
0.009162
0.006301
0.007597
0.014088
0.012786
0.001873
0.006026
0.013296
0.011994
0.010433
0.00965
0.012764
0.010683
0.005225
0.00678
0.007297
0.014307
0.013525
0.0156
0.019493
-0.010383
-0.011425
0.015847
0.016104
0.011425
0.005967
0.010899
0.008818
0.000762
0.006734
0.012186
0.021534
0.026207
0.022827
0.013472
-0.001857
-0.022122
-0.010955
0.021512
0.023328
0.013713
0.01319
0.005135
0.002794
0.007726
0.009282
0.01889
0.012912
0.007454
0.00849
0.001733
0.003808
0.000947
0.00588
0.021463
0.018862
0.010027
0.006127
0.014696
0.012875
-0.000377
0.006634
0.009748
0.010005
0.002209
0.005583
0.022724
0.01285
0.002196
0.005051
0.015958
0.01024
-0.001713
0.007376
0.013348
0.016462
0.005289
0.005026
0.017751
0.006318
0.006835
0.00813
0.007088
0.014099
0.005264
0.001624
0.01331
0.011749
0.002394
0.006547
0.017714
0.011996
0.001083
0.008353
0.004713
0.011724
0.014059
0.006003
0.013533
0.007555
0.008591
0.010926
0.010403
0.011959
0.004682
0.010654
0.013768
0.007011
0.007267
0.004147
0.009079
0.010115
0.009852
0.015824
0.011145
0.008804
0.003346
0.003602
0.011133
0.005155
0.007749
0.01502
0.007483
0.005142
0.012153
0.014748
0.013705
0.010066
0.002269
0.006423
0.012134
0.006676
0.009011
0.014983
0.009524
0.009521
0.0077
0.006657
0.01107
0.000936
0.00405
0.007424
0.017552
0.00534
0.006895
0.016244
-0.001683
0.023771
0.008442
0.004022
0.012592
0.00012
0.006091
0.005828
0.013099
-0.001711
0.008677
0.01205
-0.000422
0.021656
-0.003545
0.004245
0.034894
-0.010308
0.000599
0.035924
0.013841
-0.010321
0.013055
0.014091
-0.004096
0.007331
0.003691
0.016157
0.008361
0.014852
0.017187
-0.004117
0.018739
0.000292
0.000549
0.024964
0.003141
0.012489
1.7e-05
0.008067
0.007025
-0.006486
0.022345
0.005716
0.003375
0.011165
0.014279
0.009601
0.007519
0.011153
0.005695
0.009069
0.004909
0.009322
0.014774
0.012433
0.006196
-0.00238
0.010086
0.014759
0.003326
0.014752
0.016048
0.003576
-0.0037
0.004089
0.005125
0.003823
0.005379
0.009272
0.021219
0.008747
0.013939
0.017053
0.011335
0.005097
-0.005556
0.005351
0.007426
0.006124
0.004303
0.011833
0.021701
0.012606
0.012343
0.007144
0.006882
0.006878
-0.000398
0.015445
0.009727
0.009204
0.015435
0.005301
0.005818
-0.001199
0.004253
0.007627
0.01152
0.011257
0.008916
0.013329
0.002676
0.002413
0.008644
0.014356
0.009157
0.008115
0.008891
0.005251
0.0146
0.01122
0.009918
0.003421
-0.008272
-0.000742
0.022115
0.02341
0.007302
0.011715
0.007555
0.001837
0.002873
0.004688
0.017154
0.009098
-0.004932
0.004156
0.000517
0.009086
0.024669
0.018431
0.011414
-0.003396
0.000238
0.010626
0.020494
0.016075
-0.000554
0.009574
0.004116
0.001775
0.0145
0.016835
0.012156
0.00436
0.005396
0.002016
0.004351
0.016037
0.016034
0.009017
0.007456
-0.000341
0.009268
0.012642
-0.00061
0.014194
0.009515
0.004836
0.010548
0.00509
0.010022
0.006642
0.008977
0.014948
0.004555
0.003253
0.012341
0.005325
-0.002731
0.015709
0.016226
-0.002481
0.001153
0.006865
0.015953
0.017769
0.003738
0.00945
0.01646
0.003729
0.001647
0.016971
0.008395
-0.003297
0.016182
0.019556
0.004486
0.009938
0.010455
0.005516
0.011747
-0.000205
0.004208
0.007322
0.002123
0.016408
0.015365
0.008349
0.000812
0.007043
0.003663
0.000803
0.021062
0.012226
0.008587
0.013519
0.000268
0.000265
0.009094
0.010649
0.014023
0.012202
0.002587
0.002064
0.009335
0.013748
0.005952
0.002312
0.005166
0.015034
0.019447
0.000741
0.004894
0.015281
0.006706
0.012158
0.018389
0.003839
-0.003178
0.006431
0.002011
0.006424
0.015513
0.003301
0.01239
0.023037
0.011085
0.009003
0.00926
0.006919
0.01367
0.013927
0.005351
0.008985
0.009501
-0.005568
-0.007909
0.004816
0.005073
0.011304
0.01234
0.00922
0.015191
0.005836
0.011029
0.009207
0.003749
0.013357
0.013614
0.013871
0.005035
0.002435
0.003211
0.005805
0.009179
0.008916
0.013589
0.002935
0.002153
0.009943
6.9e-05
0.004482
0.022922
0.015386
0.002654
0.006288
0.004726
0.004983
0.003681
0.002638
0.01978
0.012244
0.00185
0.013796
0.008857
0.006516
0.002357
0.007549
0.015859
0.001568
0.008839
0.009355
-0.006754
-0.001042
0.015061
0.021032
0.007521
0.013493
0.021023
-0.007295
-0.0047
0.003609
-0.00055
0.023085
0.019446
0.010091
0.012166
0.001252
0.005406
0.000727
0.00488
0.01293
-0.001101
0.011105
0.020454
0.003565
0.002264
0.011093
0.008752
0.009528
0.016538
-0.000869
-9.3e-05
0.027959
0.001979
-0.001921
0.017559
0.004307
0.014955
0.002223
0.012091
0.022998
-0.006359
0.013381
0.003766
-0.017798
0.019346
0.035708
0.005832
-0.002744
0.006345
0.000887
0.002702
0.004777
0.017503
0.008408
-0.006402
0.012818
0.005801
0.006837
0.005535
-0.005379
0.030207
0.018514
-0.018636
0.007078
0.017725
0.000837
0.013303
0.019015
0.003945
0.001085
0.009914
0.01017
0.003413
0.015619
0.010161
-0.000233
0.008076
0.003138
0.013266
0.016899
0.009882
0.010659
-0.002852
0.001301
0.010649
0.003892
0.000512
0.011939
0.01869
-0.000277
0.011929
0.014524
-0.003403
0.014258
0.00906
0.006719
0.009053
-0.006536
0.010866
0.019435
0.005404
0.009298
0.00306
-0.002398
0.005911
0.008766
0.009802
0.004343
0.017588
0.013689
-0.004498
0.014981
0.015758
0.006663
0.003282
0.00276
0.013667
0.002754
0.006127
0.017035
0.000926
0.007417
0.006635
-0.000122
0.020916
0.007664
-0.00195
0.004281
0.009993
0.016744
-0.005599
0.011542
0.008941
-0.010285
0.02556
0.017245
-0.004059
0.001393
0.01178
0.014635
0.003981
0.011771
0.005533
0.006569
0.010982
-0.00149
0.009937
0.011752
0.004216
-0.003061
0.007846
0.017195
0.003684
0.009655
0.006016
0.003934
0.013283
0.005227
-0.006985
0.012234
0.019245
-0.00128
0.013004
0.008845
0.003387
0.00702
0.011433
0.006495
-0.019485
0.020516
0.010122
-0.012741
0.027001
0.01271
0.006473
0.004392
0.007246
0.021011
-0.002891
-0.005752
0.005155
-0.000303
0.012942
0.017615
0.002805
0.011114
0.008773
-0.00162
0.007728
0.015518
0.007982
0.002523
0.007196
0.007453
0.008489
0.006148
0.008483
0.005622
0.001722
0.011071
0.00821
0.007948
0.004048
0.006383
0.012094
0.001701
0.017543
0.012605
-0.004543
0.008702
0.006621
0.007657
-0.001438
0.001676
0.033105
0.013099
0.001926
0.004261
-0.011848
0.015425
0.01776
0.015678
0.005285
0.0071
0.049699
-0.016805
-0.032654
0.014361
0.006824
0.016952
0.021625
0.019804
0.001617
0.008627
-0.01995
-0.00151
0.044726
-0.025415
0.007313
0.044716
-0.012695
-0.004646
0.040291
0.005219
-0.037126
0.035086
0.033265
-0.037395
0.000528
0.038711
0.007016
0.008831
0.014023
-0.009099
0.007523
0.013494
0.008816
0.001019
0.00855
0.021535
-0.004185
0.009839
0.013732
0.006196
0.00983
-4.5e-05
-0.000567
0.009041
0.022806
0.006177
0.003577
0.006691
0.010065
0.001229
-0.014879
0.013692
0.016546
0.017323
0.049011
0.03524
-0.052564
-0.036462
0.030036
0.002237
0.007949
0.012102
0.037297
0.012875
-0.009987
-0.01025
-0.031554
0.066895
0.00195
0.007142
0.051559
-0.069496
0.029473
0.038561
-0.027942
0.025826
0.032577
-0.011586
-0.025097
0.032568
0.008406
-0.003546
0.011777
0.00476
0.014628
0.002416
0.00631
0.01332
-0.002529
-0.011104
0.032014
0.012788
-0.022543
0.028108
0.021871
-0.011123
0.010435
0.011211
-0.01347
0.017439
0.016657
-0.01244
0.024184
0.023401
-0.004916
0.013005
0.005988
-0.016615
0.012476
0.018187
-0.008572
0.009869
0.029348
0.009343
-0.000272
0.007518
0.000242
0.007772
0.016081
-0.003145
0.000749
0.021527
0.006717
-0.006794
0.017881
0.016319
-0.006803
0.001247
0.009296
0.009293
0.006952
0.006949
0.018895
0.012658
-0.009945
-0.001376
0.022779
0.00693
-0.001905
0.017575
0.012376
-0.000875
-0.008671
0.004574
0.018858
-0.001667
0.004824
0.025083
0.011052
0.008192
0.007929
-0.006361
0.003247
0.009219
0.00428
-0.000139
0.005832
0.024273
0.018035
0.006083
-0.00535
-0.002236
0.021919
0.014383
-0.011857
0.009441
0.02892
-0.000696
-0.002518
0.014884
0.002671
-0.001748
0.012017
0.006559
0.006296
0.024736
0.002393
-0.021249
0.019272
0.025763
-0.013985
0.005235
0.025494
0.008346
-0.003866
0.001586
0.019507
0.017166
-0.000242
-0.011675
0.003908
0.02027
0.008318
0.005977
0.016105
0.030649
0.006227
-0.03326
-0.000273
0.000503
-0.009891
0.039462
0.035043
-0.007562
0.007501
0.01659
-0.006013
0.010869
0.000735
0.008525
0.017873
0.003323
0.023842
-0.007593
-0.015649
0.012143
0.016296
0.01993
-0.00657
-0.016704
0.03135
0.014202
-0.030741
0.026665
0.033416
-0.011267
-0.01179
0.014963
0.032624
0.001449
-0.006607
0.008716
0.021442
-0.00246
-0.002723
0.027927
0.004544
0.008698
0.000382
-0.001959
0.020897
-0.004303
-0.008203
0.006341
0.012053
0.021661
0.006072
-0.000425
0.026068
0.007621
-0.010566
0.009953
0.005534
0.010466
0.006307
-0.012919
0.021107
0.023182
-0.015786
0.001356
0.020835
0.013039
0.005762
0.000304
0.003678
0.012507
0.001334
0.001071
0.004964
2.6e-05
0.020025
0.008332
-0.008816
0.009365
0.017934
0.011177
0.007277
0.0013
0.005972
0.022594
-0.008581
-0.005207
0.032456
-0.000797
-0.005996
0.011665
0.00257
0.017634
0.003603
-0.013025
0.031652
0.027752
-0.020308
0.002549
0.025925
0.003582
-0.001617
0.003835
0.003572
0.01396
0.000449
-0.00475
0.015769
0.004596
0.008229
0.00407
0.01212
0.026664
-0.009707
-0.005814
0.016264
0.008467
0.00223
0.004045
0.004302
0.011053
0.006893
-0.003501
0.010524
0.015456
0.012336
-0.000915
0.005316
0.014405
-0.008978
-0.004045
0.010759
0.01673
0.003219
-0.007175
0.011266
0.016458
0.012039
-0.006148
0.005798
0.02216
-0.006157
7.4e-05
0.011501
0.001886
0.006299
0.00188
0.002916
0.009407
0.012521
0.004205
-0.006188
0.011473
0.014847
0.001595
-0.003084
0.006525
0.013275
0.007298
0.002879
-0.000761
0.009886
0.011961
0.004165
0.012994
0.012212
-0.001819
0.008828
0.005448
0.005965
0.017651
-0.004692
0.007514
0.004913
0.000754
0.013739
0.002306
0.01737
0.01347
0.003596
-0.007058
0.00307
0.017874
-0.013042
0.004619
0.021241
0.001755
-0.000586
0.007464
0.014215
0.001223
0.000441
0.00901
0.00641
0.01342
0.010819
-0.00477
0.009255
0.01081
-0.007637
0.006648
0.01184
0.006641
0.005339
0.007155
0.011827
-0.001164
-0.007661
0.006103
0.01727
0.006876
0.005834
0.015962
0.006347
-0.002748
0.001406
0.010235
0.017765
0.005812
-0.008478
0.014378
0.014895
-0.00615
0.006316
0.010469
0.000855
0.001631
0.012798
0.007859
-0.001236
0.006294
-0.000463
0.009665
0.02317
0.0081
0.002123
0.01303
0.012247
-0.014252
0.003149
0.023148
0.004182
0.00314
0.006254
0.008069
-0.021288
-0.001808
0.036894
-0.000775
0.01195
0.023637
-0.009876
-0.008061
0.002846
0.007259
0.017387
0.019981
0.010107
0.012442
0.002308
-0.009125
-3.6e-05
0.002039
-0.004199
-0.001085
0.017356
0.021249
0.008777
0.003059
0.016824
0.012664
0.000452
0.011879
-0.021634
-0.02995
0.020702
0.028751
0.032385
0.019393
0.003025
0.018348
-0.013607
-0.023741
-0.001663
-0.007641
0.011838
0.020408
0.022223
0.017804
0.000656
0.009225
-0.017794
-0.019615
0.007397
0.008174
0.021678
0.006089
0.009463
0.028943
0.019588
0.005038
-0.020423
-0.019906
-0.011337
0.011779
0.033597
0.017748
0.003198
-0.00278
0.012543
0.008903
-0.014219
-0.011105
0.014089
0.008371
-0.004361
0.020574
0.014856
0.019009
0.0029
-0.021261
0.009388
0.006008
-0.000489
0.001326
0.007038
0.019504
0.016124
0.021836
0.019754
-0.008823
-0.025192
-0.002855
0.002857
0.010647
0.031425
0.012199
0.002325
-0.004432
-0.02106
-0.008075
0.029588
0.03478
-0.004967
-0.000554
0.000482
-0.002379
0.007229
0.019955
0.029823
-0.018497
-0.008369
0.010591
-0.000842
0.010585
0.002009
-0.003449
0.002782
0.020703
0.014725
0.009787
0.008744
-0.005026
-0.007367
0.005618
0.015226
-0.005818
0.005089
0.01158
0.005602
0.009236
-0.000898
0.011048
-0.001943
-0.002206
0.012857
0.000905
0.011552
0.002457
-0.001183
0.011283
0.001928
-0.000672
0.000104
0.006855
0.011008
0.009446
0.008664
0.005024
-0.001993
0.008395
0.007872
0.002154
0.008385
-0.001749
0.012535
0.012272
-0.003577
0.005772
0.006029
0.005766
0.003944
-0.000215
0.008874
0.007572
0.001854
-0.001007
0.006264
0.017171
-0.002055
-0.00076
0.011966
0.001832
0.004426
0.001826
0.00494
0.011431
0.004934
0.012204
0.007525
0.005444
0.001284
-0.006252
0.012968
0.007509
-0.002105
0.008802
0.0075
0.005679
0.001
0.00853
0.008527
-0.008101
0.005144
0.009037
0.011372
0.007992
-0.003441
0.008765
0.001488
0.004343
0.004599
0.008493
0.012646
-0.012035
0.004847
0.009779
0.005879
0.007175
-0.005816
0.018339
0.010543
-0.010761
0.003783
0.007416
0.007153
0.004553
0.002471
0.006105
-0.000912
0.004021
0.009213
0.00869
0.009986
-0.005863
0.010759
0.010236
-0.009249
0.002177
0.00711
0.012822
-0.005625
-0.000173
0.012293
-0.000179
0.007611
0.005529
0.0128
0.008121
-0.00539
0.001101
0.008112
0.019278
0.006027
-0.002548
0.009917
0.002901
-0.004376
0.004713
0.008346
0.00055
0.00834
0.003401
0.000801
0.010149
0.003392
0.014819
0.001827
-0.007527
0.008315
0.005974
0.008309
-0.001046
0.008822
0.012716
-0.008069
0.004397
0.006472
0.006729
0.01348
0.002826
0.004641
0.009054
0.002557
-0.000823
0.000473
0.006444
0.010078
0.006438
0.0002
-0.000322
0.008247
-0.004225
0.004344
0.014992
-0.000598
0.00953
0.00589
-0.002685
0.000949
0.006141
0.009255
0.004576
0.008469
0.006388
0.006905
0.005603
-0.000115
0.004298
0.008451
0.002992
0.002989
0.004285
0.000905
0.007136
0.003756
0.004532
0.010504
0.001409
-0.000932
0.002961
0.004777
0.006072
0.00503
0.005287
0.007622
0.010216
0.004498
0.002936
0.009428
0.001631
0.001109
0.005781
-0.000196
0.006035
0.007591
0.00499
0.009403
0.00862
0.004721
0.004718
0.004455
0.000815
0.003929
0.002107
0.008079
0.007037
-0.004656
0.004173
0.011443
0.004946
0.000787
0.00546
0.004158
-0.000781
0.007009
0.0135
0.004665
-0.000534
0.004399
0.007513
0.000496
-0.002884
0.001269
0.006721
0.011394
0.00126
0.000737
0.013463
0.006705
-0.002649
0.002803
0.007216
0.002017
0.002534
0.005388
0.004346
0.005122
0.005638
0.001999
0.00849
0.013162
-0.005804
0.005363
0.008737
-0.006073
0.003535
-0.000624
0.013141
0.0108
0.004042
0.010793
-0.002718
0.005592
0.001952
0.005586
0.014415
0.000124
0.005057
0.011288
0.003752
-0.000148
0.000368
0.005301
0.007116
-0.0012
0.003993
0.008925
0.001389
0.005022
0.010474
0.003977
0.001376
0.003192
0.004747
0.006043
-0.007728
-0.007471
0.015645
0.018499
0.006027
0.006804
0.009398
0.004459
-0.001259
-0.000223
0.001852
0.009902
0.0086
-0.004391
0.007815
0.004175
0.002353
0.007546
-0.00051
0.011955
0.002601
0.002078
0.013505
0.001033
-0.002607
-0.00339
0.008816
0.006475
-0.004438
0.012963
0.0127
0.002307
0.005421
0.00282
0.005674
-0.002122
0.000732
0.008003
-0.00395
0.009815
0.005136
0.002795
0.011624
0.004867
0.007462
0.008238
0.005637
-0.002679
0.001994
0.004848
0.005365
0.003803
0.00406
0.003277
-0.003999
-0.004522
0.00145
0.016513
0.006898
0.004557
0.006373
0.006629
0.004288
-0.00091
0.008438
0.006097
0.008692
-0.007417
-0.002744
0.008163
0.005303
0.005819
-0.003796
0.012826
0.000355
-0.003545
0.005284
0.003203
0.01411
0.007612
0.008648
0.001632
0.002927
0.002405
-0.002015
0.013049
0.004733
0.002392
0.003428
0.002386
0.003941
-0.002036
0.004715
0.004452
0.006267
0.006264
0.00678
0.009115
-0.003876
0.002874
0.007028
0.00079
0.004164
0.001044
0.005197
0.00935
0.004152
0.003889
0.008302
0.010377
-0.004174
-0.00054
0.010108
-0.001585
0.007244
0.004124
0.005419
0.009313
-0.008095
0.013203
0.006446
-0.005766
0.003582
-0.002396
0.004355
-0.001882
0.01474
0.013178
0.000706
0.0046
-0.012548
0.013945
0.01576
-0.004765
0.005103
0.004061
0.008214
0.004834
0.002234
0.004568
-0.002968
0.003523
0.000143
-0.003757
0.022217
0.011563
-0.001948
0.00896
-0.004811
-0.003515
0.005054
-0.001963
0.0131
0.016734
-0.00483
0.007376
-0.005875
-0.012892
0.012822
-0.001728
0.011777
0.010475
-0.001478
0.011248
-0.008498
-0.002266
0.002666
-0.002532
0.010453
0.004215
0.008628
0.017717
0.006804
0.003943
0.003161
-0.006194
-0.004379
0.00471
0.009642
0.006522
0.002882
0.01275
0.003915
-0.009336
-0.005443
-0.002329
0.014034
0.010134
-0.001818
0.005192
0.000773
-0.001828
-0.004948
0.006738
0.016347
-0.000282
0.004651
0.006986
-3.1e-05
0.00594
0.000482
0.005415
0.00749
-0.001086
0.006185
0.006182
-0.001615
0.010332
0.007731
-0.0063
0.013699
-0.001111
-0.007608
0.020444
0.000958
-0.000344
0.010044
0.001468
0.000686
-0.006591
0.005875
0.006651
0.002492
0.010282
-0.001671
0.010795
0.004817
-0.005576
0.00637
-0.002725
0.01078
-0.002731
-0.002215
0.012329
-0.008456
0.012582
0.010761
-0.005088
0.004001
-0.001977
0.013866
0.004511
-0.010559
0.022688
0.003982
8.2e-05
0.008911
-0.017848
0.018517
0.006304
-0.006687
0.017468
-0.001238
0.010708
-0.002543
-0.002806
0.004724
-0.002553
0.003679
0.001078
0.021337
-0.001786
-0.00049
0.008079
-0.011926
0.015866
0.002615
0.001313
0.01222
-0.008824
0.013513
0.01351
-0.004677
0.008827
0.000772
0.002067
0.003883
-0.001576
0.015826
0.000756
0.003351
0.008283
-0.006267
0.008277
-0.003156
0.000997
0.000994
0.003069
0.018132
-0.010445
0.015009
0.005654
-0.017988
0.010324
-0.009422
0.013175
0.013432
-0.001638
0.026414
-0.003203
-0.004245
0.001986
-0.006329
0.016008
0.005354
0.007169
0.008725
-0.005046
-0.001153
-0.008949
0.005855
0.014424
0.006888
0.007664
-0.003769
0.004281
-0.006113
-0.006895
0.018299
0.007645
0.012058
-0.001453
-0.005612
0.017244
-0.005359
0.002691
0.013338
8.7e-05
0.007098
0.00138
0.002676
0.004231
0.00189
0.001367
0.004741
0.009934
-0.003318
0.001615
0.00343
0.000829
0.001086
0.0042
0.019004
0.001596
-0.009317
-0.006203
0.003665
0.006779
-0.001277
0.014046
0.008588
0.003909
0.008842
0.000526
0.006757
-0.001299
-0.016888
0.009086
0.017915
-0.016118
0.002063
0.018685
0.000498
0.011665
-0.004184
-0.006785
0.015292
0.001002
-0.007833
0.008789
0.011643
-0.006544
0.004104
0.005399
-0.001877
0.000457
0.000454
0.010842
-0.005267
0.017849
0.016288
-0.014888
0.012645
-0.005542
-0.006065
0.005362
0.000423
0.013409
-0.00244
0.002752
0.001969
0.001447
0.008717
0.005077
0.001697
0.000655
0.005588
-0.013638
0.00714
0.018567
-0.003777
0.014404
0.000373
-0.012878
0.011537
-0.004052
-0.010549
0.018282
0.014642
-0.004844
-0.003288
0.009957
0.006577
0.006314
-0.011353
-0.011876
0.042412
-0.013441
-0.025393
0.043182
-0.012671
-0.010596
0.018495
-0.010083
0.008358
0.022642
-0.006455
-0.006198
0.021594
-0.002308
-0.010884
0.006778
0.00054
-0.000502
0.007807
0.007544
0.006242
0.011694
-0.003375
-0.007535
0.004152
0.003369
0.003366
0.005441
0.004139
0.004396
0.005692
0.000234
-0.000809
-0.00263
0.007498
0.008274
-0.002639
0.00541
0.005927
0.003845
-0.00473
0.005658
0.015266
-0.003181
-0.004223
0.000969
0.006681
0.005639
0.001999
0.001996
0.009786
0.01342
-0.007625
0.003542
0.009773
-0.00114
0.003793
-0.004783
0.008462
0.000666
-0.008949
0.011051
0.005073
0.00429
-0.004285
0.004024
0.012853
-0.004814
0.005574
0.003752
0.008165
0.008422
-0.010285
0.000363
0.004256
0.00815
0.002691
-0.004066
0.011517
0.00476
0.002159
7.8e-05
0.004491
0.009423
-0.010842
-0.001233
0.003959
0.004735
0.00681
0.001092
0.012779
0.009399
0.001602
-0.006194
0.000557
0.002892
-0.006203
0.009899
0.006779
2.2e-05
0.002876
0.002873
0.005987
0.000529
0.0078
0.006498
-0.007013
0.002075
0.002332
0.00103
0.009599
0.009336
0.005177
-0.005217
0.006989
0.000232
0.001528
0.003863
-0.011986
0.028275
0.004633
-0.008878
0.01164
-0.000312
0.017609
-0.00967
-0.015128
-0.001364
0.006686
0.014476
-0.001113
0.011612
0.011349
0.006411
-0.001905
-0.009701
-0.004249
-0.005811
0.007174
0.002755
-0.007119
0.003268
0.00898
0.004821
-0.001417
0.008971
0.005591
-0.012077
-0.001169
0.012076
0.002201
0.002978
0.006351
-0.004822
0.014138
0.018291
-0.002753
-0.002496
0.006593
0.000355
-0.00926
0.014896
0.007359
-0.011087
0.005535
-0.000183
-0.006421
0.003447
0.005263
-0.009547
0.003698
0.014605
-0.00566
0.005507
-0.000471
-0.008007
0.00316
3.9e-05
0.008868
0.009125
0.000809
-0.00309
-0.001535
-0.002837
0.005213
0.008846
-0.000249
0.004684
0.006759
0.00234
-0.007275
0.009607
0.005967
-0.009102
0.01843
0.0031
-0.014047
0.010628
0.010884
-0.017693
0.000487
0.019187
-0.014066
0.00983
0.033465
0.009044
0.008521
0.009557
0.006697
0.003057
-0.004739
-0.013055
-0.018513
-0.020335
-0.023974
-0.012548
0.009789
0.020177
0.028486
0.041212
0.065627
0.102251
0.115756
0.123805
0.15965
0.194976
0.210299
0.210556
0.176003
0.111318
0.055465
-0.018572
-0.110273
-0.167945
-0.212628
-0.265884
-0.294981
-0.272124
-0.211861
-0.112633
0.035691
0.183756
0.269476
0.289475
0.2809
0.222449
0.134125
0.082428
0.052292
0.031507
0.067612
0.196453
0.269965
0.176705
0.049415
-0.075536
-0.22023
-0.310372
-0.384929
-0.509101
-0.573786
-0.468843
-0.288567
-0.1218
0.134069
0.43098
0.523974
0.4024
0.20835
0.067033
0.132751
0.337185
0.506291
0.586556
0.520053
0.366267
0.304439
0.35587
0.328851
0.092719
-0.197964
-0.365258
-0.412019
-0.384487
-0.492034
-0.748428
-0.697257
-0.27202
0.191663
0.498445
0.501559
0.272701
0.083587
0.090078
0.230869
0.323603
0.256839
0.089546
-0.04216
-0.108663
-0.143735
-0.261413
-0.389222
-0.353117
-0.261942
-0.22272
-0.361439
-0.460154
-0.111549
0.477082
0.949337
1.071945
0.845164
0.687742
0.734237
0.73891
0.581227
0.215211
-0.112619
-0.135741
0.029468
0.282738
0.285853
-0.099127
-0.463584
-0.70621
-0.806744
-0.756352
-0.654786
-0.372161
-0.026154
0.179579
0.321929
0.353358
0.437
0.805868
1.081478
1.052381
0.884308
0.743251
0.720908
0.567382
0.276179
-0.135556
-0.712764
-0.964482
-0.922922
-1.212826
-1.656253
-1.811857
-1.749256
-1.349477
-0.66655
-0.017393
0.666833
1.232344
1.42431
1.342999
1.1822
1.086602
1.08582
1.211025
1.405328
1.588461
1.583003
1.152564
0.52678
0.190897
0.198687
0.08049
-0.305009
-0.682195
-0.873128
-0.928981
-0.887941
-0.52297
-0.136698
-0.154365
-0.408941
-0.576494
-0.246333
0.488548
1.004184
1.030417
0.730902
0.429568
0.200709
-0.191803
-0.622501
-0.77265
-0.734987
-0.781489
-0.942288
-0.900209
-0.697593
-0.764616
-0.880216
-0.699421
-0.086631
1.08362
2.207113
2.553121
2.316469
2.138265
2.123456
2.100593
1.980057
1.325439
0.165053
-0.497099
-0.125114
0.475986
0.425068
-0.03914
-0.503349
-0.960284
-1.132253
-1.204731
-1.404496
-1.064463
-0.313477
0.006554
-0.112423
-0.129311
0.093567
0.252542
0.222665
0.294878
0.655692
1.075214
1.517596
1.694755
1.298346
0.668925
0.046258
-0.394831
-0.570437
-0.835663
-1.480151
-2.286733
-2.733018
-2.458186
-1.840202
-1.570566
-1.610053
-1.486667
-0.945573
0.163633
1.73055
3.074586
3.618017
3.654122
3.903236
4.451343
4.672403
4.01129
2.86597
2.02302
1.276184
0.481032
-0.048638
-0.478557
-1.109537
-1.985997
-2.788683
-3.367449
-3.625401
-3.331347
-2.708427
-2.128888
-1.728069
-1.386217
-1.10645
-0.834736
-0.53211
-0.326377
-0.181689
-0.115451
0.151587
0.450317
0.541233
0.800218
1.259744
1.713556
1.847853
1.667571
1.214532
0.666679
0.333653
0.040632
-0.079384
0.2035
0.78174
1.434534
1.98446
2.437232
2.821166
3.033393
2.898571
2.652827
2.558009
2.174588
1.600238
1.032122
0.002659
-1.224228
-2.641785
-3.976995
-4.473155
-4.530567
-4.425104
-4.050002
-3.161859
-1.799639
-0.441315
0.750237
1.598636
2.298967
3.007871
3.465059
3.536492
3.200869
2.660808
2.155816
1.839416
1.928253
2.315045
2.381542
1.86564
0.972814
0.178961
-0.189134
-0.557488
-0.998317
-1.487463
-2.264172
-2.916972
-2.970228
-2.41199
-1.378116
-0.161886
0.939527
1.715451
1.815458
1.864032
2.035475
1.850777
1.800379
1.481381
1.138484
1.287848
1.208096
1.061843
0.960011
0.65556
0.40644
0.227716
-0.04842
-0.197011
-0.064013
0.144058
0.453699
1.222609
2.06815
2.409482
2.308429
1.866821
1.413782
1.025426
0.689803
0.469257
0.213382
0.113109
0.325336
0.91111
1.571177
1.734308
1.440507
1.091376
1.062798
1.612464
2.264219
2.098484
1.657655
1.897417
2.446564
2.551507
2.069634
1.452942
0.658049
0.002911
0.164484
0.645571
0.506592
-0.060225
-0.223362
-0.115302
0.022372
0.204986
0.548656
0.895183
0.746592
0.547088
0.651251
0.461098
-0.352758
-0.998804
-0.899316
-0.628381
-0.525256
-0.087031
0.811503
1.364806
1.86018
3.052252
3.215643
1.445581
0.440276
1.411026
3.239269
5.576658
7.729871
9.243796
9.722545
9.082474
8.302647
6.849502
4.833181
2.772179
0.298146
-1.963656
-4.30287
-6.672476
-8.506181
-9.860614
-9.887633
-8.581523
-6.588067
-4.389134
-2.918072
-2.024993
-1.399475
-1.489617
-1.431952
0.423048
3.503632
4.978072
3.43271
0.991407
0.627469
2.453115
4.315648
4.240053
2.192299
0.536795
0.103239
-0.25992
0.473662
3.031074
4.767879
4.112482
2.551533
0.487154
-1.650739
-2.105336
-1.478259
-0.95457
-0.302556
1.2215
3.477321
5.289719
6.23657
5.341926
3.034404
0.92015
-1.640385
-4.99685
-8.453325
-11.586389
-13.523222
-11.191028
-4.997645
-1.342453
-1.57339
-1.667689
0.739317
3.786132
4.271635
3.011238
1.15857
0.707091
2.342327
1.600167
-0.801131
-0.023909
3.853644
6.070241
3.465545
-0.469163
-2.988656
-3.531574
-2.267806
-1.985441
-2.70682
-4.123857
-5.235926
-5.279571
-5.456476
-2.707874
3.26081
8.362129
9.184032
6.255146
3.276124
1.46424
1.32578
1.430204
-0.103989
-3.267705
-4.398998
-1.356599
1.472011
0.637633
-3.914283
-6.362599
-4.651771
-3.433202
-4.068078
-5.828269
-6.724471
-6.686289
-6.506272
-5.396027
-1.729926
3.296321
6.465226
7.355708
6.608352
6.320786
6.73875
6.244668
3.402024
-1.280296
-3.901357
-3.367797
-2.116498
-2.03961
-2.712931
-2.952181
-2.60903
-2.273413
-1.841163
-1.502948
-2.557609
-3.294833
-1.854423
-1.029663
-1.987171
-2.185896
-0.768086
2.54577
6.173946
7.724237
7.884251
7.527847
7.347305
7.065194
7.171436
6.438887
2.127776
-3.453861
-6.866955
-7.075811
-6.58823
-6.023757
-5.715416
-8.465842
-11.211332
-10.517495
-7.546013
-5.167841
-4.012916
-2.828117
-0.887654
1.574943
2.685967
3.682953
5.915396
8.601912
9.076505
6.256981
4.292093
2.920776
0.866008
-0.267622
-1.260458
-2.097953
-2.210696
-2.146536
-2.915712
-4.546019
-5.496772
-5.747192
-5.884092
-5.882017
-4.951792
-2.355674
0.003016
1.244703
1.969972
3.075022
5.358638
7.226626
7.696543
5.974019
3.896912
3.64909
3.051621
1.483918
-1.89099
-5.154717
-4.15903
-1.853852
-1.774886
-3.17244
-5.007444
-6.708667
-9.271281
-12.077817
-11.850523
-8.986325
-5.473227
-4.253879
-5.159693
-3.544199
-1.67803
-1.786356
-1.835975
-2.017296
-1.315406
1.310065
4.315057
5.602204
4.888099
3.877859
3.286883
2.41406
2.229622
3.796539
4.123583
2.227794
1.028962
0.889983
1.339119
1.304047
0.933095
1.325082
0.090142
-2.399996
-3.88795
-4.52958
-5.689447
-8.104512
-8.796018
-4.715846
2.957955
9.094709
10.150923
7.804696
5.299231
3.669184
1.938347
-0.668946
-3.787723
-5.69754
-5.837818
-5.347119
-4.981369
-4.351955
-3.044286
-0.451026
2.143273
2.067158
4.012297
9.287141
10.894842
7.617867
2.52927
0.470346
1.105216
-0.824084
-4.259518
-7.403232
-9.167839
-8.793776
-9.360593
-11.708119
-12.950592
-11.311979
-6.703439
-1.968133
-0.893996
-0.511101
1.332729
1.181021
1.24648
2.11592
1.242577
1.624433
2.47491
2.923786
4.550969
5.777849
5.416509
3.150031
1.04279
0.019042
-0.55297
-0.941586
-2.590596
-4.992413
-6.48868
-5.821079
-3.530449
-2.269019
-2.008994
-0.447792
2.55694
6.009253
8.288454
9.330899
9.721067
8.890067
8.906169
9.043324
8.488976
8.579632
7.810456
6.135469
3.492327
0.969718
-1.044526
-4.986767
-7.613543
-6.196512
-3.904843
-2.096601
-0.863226
-0.633075
-0.069642
0.789408
-0.042632
-1.395766
-1.376027
-1.423568
-1.490071
-1.605152
-1.842583
-0.918072
-0.750524
-1.640233
-2.731261
-3.166895
-1.850134
-1.30982
-2.956752
-5.03308
-6.344651
-7.911055
-8.701272
-6.701062
-2.548935
2.278069
6.061586
8.47119
9.966671
11.055355
11.224201
10.375796
9.811837
8.033463
4.28267
1.579522
0.877367
-0.638382
-3.906786
-6.359258
-6.862171
-5.503848
-2.577046
-0.229526
0.776292
1.568841
2.8417
5.017514
7.892102
9.936992
10.770844
10.770581
9.79437
8.024049
6.157094
5.930313
5.194647
1.745186
-1.977811
-3.41563
-1.946645
-0.958751
-3.491231
-8.591258
-12.76807
-13.69986
-14.432149
-16.532896
-16.227152
-12.29245
-7.398166
-3.57984
-0.518998
3.062419
6.700726
9.57973
11.830097
13.824072
15.555163
16.199384
13.910825
7.338954
-0.400055
-5.768163
-9.456351
-11.871936
-12.760345
-11.674259
-8.113623
-5.459837
-5.991325
-7.402128
-7.456682
-5.778844
-4.548846
-4.378182
-3.312617
-1.45476
0.285682
0.616104
-0.978615
-2.327592
-2.02029
-0.502469
0.796367
1.056911
0.986251
-0.606649
-4.165732
-6.00697
-5.490814
-4.832046
-3.606464
-3.372676
-4.920896
-5.448488
-3.67012
-1.354552
-0.57655
0.872692
2.622226
2.359598
1.642116
2.068392
4.620608
6.903446
6.4369
4.512536
3.59789
4.317184
3.258367
-0.653741
-4.720671
-6.399814
-4.134641
-0.7813
0.411292
0.362712
0.751841
2.997272
5.813673
6.577907
7.202646
9.528085
12.051467
12.735173
9.817977
6.287727
4.91589
3.633413
1.703334
-0.540545
-2.513485
-5.2091
-7.732489
-7.730414
-7.017873
-6.870328
-8.243465
-8.818594
-6.90073
-6.060904
-7.090627
-9.078374
-9.733772
-7.484185
-5.206023
-5.833106
-7.828646
-7.229365
-4.87691
-4.516355
-5.907675
-5.732335
-2.319247
1.025522
0.521569
-1.717634
-2.246525
-0.067854
4.337807
7.484632
7.892205
8.209638
7.329282
3.834101
0.27294
-1.887553
-2.949488
-4.51745
-7.482964
-10.164551
-10.954249
-10.908013
-12.464546
-15.215231
-15.516825
-11.963203
-7.943557
-6.427814
-5.537593
-1.888376
3.141767
5.976092
8.115797
11.636688
13.757171
13.476878
12.587949
10.194444
5.945937
2.377761
1.398173
1.584684
1.168273
1.606238
2.292802
1.222035
-0.508802
-0.344372
2.015357
2.972859
1.181756
-1.33384
-2.746201
-3.180796
-4.294424
-4.659661
-3.267048
-1.339574
0.623749
2.124166
4.633001
6.625938
6.63113
7.486802
9.065669
10.479582
9.215289
5.633605
4.368013
4.449057
4.048752
3.176448
1.559909
0.66059
0.986595
2.848349
7.240762
13.110734
21.021703
29.318688
34.722377
36.848055
33.576275
25.46346
15.10573
4.332632
-5.636225
-13.4807
-15.225824
-10.80146
-5.719623
-2.075082
2.892197
7.733229
9.667717
9.602512
8.57253
6.4084
4.288171
5.62857
8.648629
9.443776
7.519412
5.697396
6.299276
4.211777
-2.314375
-9.821931
-17.490803
-23.888111
-28.860072
-31.042645
-27.657872
-20.319172
-11.515899
-5.066644
-3.670655
-4.519579
-5.577617
-5.303565
-3.113465
-0.483318
2.647662
5.686684
8.437103
10.029218
9.755679
8.602826
6.706777
4.950483
2.849477
0.828479
-0.00434
1.694539
6.72728
9.457178
7.409684
4.287011
2.255363
-0.404664
-5.811217
-12.194238
-18.02655
-24.931964
-34.462333
-43.701761
-49.556933
-52.268654
-52.43257
-50.103494
-45.889802
-40.717566
-33.403803
-26.268761
-20.874943
-13.168411
-3.336977
7.980069
20.024725
30.721705
40.132055
43.020671
37.137444
28.51964
20.084453
12.537153
6.929539
4.394981
5.483665
8.091992
9.971669
7.604141
-1.239141
-12.247589
-19.382898
-20.622254
-18.443064
-15.098815
-8.616829
0.92938
9.700181
16.720925
21.383497
23.121081
22.960022
22.892739
24.183523
23.270955
18.977507
14.253625
10.208515
6.47279
2.238829
-2.994199
-9.225515
-16.314325
-22.818657
-27.077036
-30.245688
-32.771934
-33.42915
-30.830694
-24.478593
-15.079413
-3.119441
6.953057
12.10607
14.5762
14.930521
12.978102
9.462659
8.302013
11.303109
14.314076
14.73074
11.348299
7.339558
4.149864
-0.240217
-4.467423
-9.933463
-14.245094
-15.370672
-16.836026
-16.598341
-11.117241
-0.289078
11.908841
21.246456
28.71478
33.194735
32.869502
32.491537
33.432933
32.663757
31.037347
26.887551
18.986707
10.992346
3.744558
-0.70475
-1.205067
-0.256657
2.738724
7.27245
10.195356
9.148748
7.071381
8.100058
10.459787
11.518598
10.012461
7.236577
5.196617
5.169598
8.612299
14.280432
19.545145
21.055433
18.499833
14.287953
6.853652
-4.691997
-15.024269
-21.803695
-27.863824
-31.169634
-32.906705
-33.750435
-30.449047
-24.791045
-15.824639
-6.78238
-0.570553
3.003331
-0.08869
-6.320266
-11.563165
-16.009096
-19.515966
-24.190233
-29.976307
-34.850076
-39.212102
-42.136572
-42.716118
-41.129198
-35.483405
-28.281603
-23.783724
-22.826742
-24.133898
-23.727364
-19.356772
-13.023373
-10.044358
-9.779657
-6.576722
-1.205763
2.120302
1.885988
3.546422
11.06618
21.054774
28.951715
31.444965
31.128305
31.885005
31.01426
25.621995
18.01235
10.116701
2.464454
-4.005329
-9.014437
-10.090658
-6.235965
-0.821626
4.886252
12.156893
19.763934
23.720716
20.836509
14.20645
7.204922
-1.07934
-7.985793
-13.450534
-18.487177
-22.519558
-26.149818
-27.305269
-26.828338
-24.242611
-20.533908
-18.326143
-14.927343
-11.159152
-6.511907
-1.118349
1.892358
6.329451
13.482677
18.787395
18.326823
13.514879
10.650155
10.424414
10.016315
7.605666
4.774712
4.073595
3.480022
3.090108
2.919177
1.003645
-4.569419
-13.027725
-18.110867
-17.917343
-14.936249
-10.17055
-2.930042
5.252644
10.356042
13.378179
16.790747
20.561535
25.010837
30.73482
36.667916
40.02879
39.340143
34.467673
24.973671
12.358299
0.749007
-6.344998
-9.106334
-10.197362
-10.396867
-7.861276
-3.028297
-0.694804
-1.070951
-1.16577
-1.950272
-1.822989
2.202372
8.143261
12.22681
14.505491
16.522066
17.226034
15.296994
11.874289
8.151032
3.366104
0.510732
1.619938
4.517906
7.493025
6.593185
1.171566
-5.14911
-9.382032
-9.829355
-9.605958
-10.263693
-9.842613
-8.890566
-5.566579
0.131427
3.121613
4.386679
6.661724
8.303973
9.167179
9.212635
7.570379
5.429109
3.387071
2.196032
4.199099
8.737501
13.734134
17.157872
17.542845
17.129291
15.816421
11.365035
3.219229
-9.447837
-24.344751
-37.787485
-47.429553
-52.711158
-55.696934
-55.051154
-47.412421
-34.296482
-20.270576
-9.195633
-2.997834
-0.334956
1.26677
2.411824
2.635741
0.969586
-2.967979
-6.657726
-7.261949
-6.244701
-5.202255
-3.557927
-0.665934
3.040691
6.35143
11.48574
18.795347
25.036008
25.586453
17.194128
5.386114
-4.318299
-10.398171
-11.317752
-5.841848
5.58612
18.091085
29.083161
38.111132
43.828362
44.273081
36.660839
24.730474
13.461998
4.039174
-3.253814
-9.346674
-11.8059
-8.923258
-2.458677
4.563886
9.924714
14.535591
18.351319
20.494142
17.70501
9.449842
0.746575
-5.011704
-6.770336
-5.659571
-4.880011
-7.785778
-12.027012
-15.129423
-17.785813
-19.630688
-19.493014
-14.214793
-5.828708
2.933001
14.22511
27.351959
37.674873
40.825336
36.916864
30.061326
23.621416
18.065237
12.47321
6.229425
0.109549
-5.017753
-7.019528
-5.515475
-4.885541
-5.467943
-3.894532
-3.289796
-6.841346
-11.623157
-16.217675
-18.524417
-18.627808
-21.68554
-29.088928
-36.326845
-40.088288
-41.944593
-40.740052
-35.142056
-25.943937
-16.432278
-10.3667
-2.872139
6.84214
12.551576
14.105504
14.734919
17.098284
22.075954
26.969979
30.208243
31.480583
28.482078
23.763131
21.240782
19.900896
18.60569
18.050043
19.313551
19.978034
19.25172
17.095383
12.482162
8.334964
4.525983
2.211448
1.119381
-2.571405
-6.37519
-8.99755
-10.297951
-8.83728
-3.997806
0.644243
1.523035
0.772563
-3.126817
-9.251368
-16.502014
-24.545471
-28.60123
-29.772527
-28.19496
-24.800835
-22.77283
-22.606062
-26.020974
-30.043484
-30.053618
-25.546388
-18.524344
-9.884206
0.365973
12.81301
26.799951
35.750771
38.263763
37.82605
35.391762
33.125544
30.617741
28.752604
28.837026
26.807975
21.475976
12.185893
1.175886
-5.454174
-8.472421
-9.259521
-7.86431
-7.226843
-8.597122
-10.051565
-10.874254
-10.443561
-6.249352
0.381221
7.529512
14.323219
18.355074
19.302705
17.234949
12.933968
10.290307
10.86517
12.012822
11.713566
10.3064
10.137288
10.423809
7.481155
1.272698
-7.49681
-17.964162
-25.872539
-28.029915
-26.155173
-21.643527
-15.76706
-11.646884
-9.791625
-8.522662
-5.536113
-0.163856
5.29984
7.569949
5.688706
2.661887
1.711393
3.037506
4.952512
7.529406
11.854539
17.115096
20.998624
18.607197
8.398314
-3.720642
-14.674538
-25.169166
-35.441172
-44.952837
-53.215538
-61.174311
-68.094532
-72.846469
-73.915937
-71.088107
-66.705565
-60.342033
-49.732335
-36.162322
-22.936761
-9.69951
3.183417
14.567484
23.461155
28.213606
32.108303
36.808541
41.978699
47.94011
52.569431
53.971395
48.783827
35.083144
14.368727
-6.987057
-21.486266
-29.181115
-32.490301
-33.477423
-30.466716
-22.474959
-13.07396
-4.142363
0.113412
-1.11997
-4.180818
-10.463828
-18.995389
-22.856063
-22.447191
-22.025072
-21.107574
-20.279957
-19.110745
-17.10456
-16.012499
-14.347389
-11.280053
-10.233711
-8.980074
-5.436843
-1.376933
5.644071
11.449362
11.591192
7.707139
0.679634
-5.265937
-6.852083
-5.471939
-4.249994
-4.48145
-4.868248
-4.960469
-5.517934
-4.684601
-0.624951
5.956266
14.388589
22.632061
28.82025
30.69655
27.664796
22.060819
17.308882
17.234845
20.713913
24.889939
27.051725
26.103309
23.578102
19.54702
14.638183
10.643728
9.670635
10.392007
11.544334
14.043299
16.301978
18.669759
22.172986
26.088205
27.369897
23.030471
15.574349
8.139268
1.698579
-2.358479
-1.816087
3.346538
10.105436
15.057909
17.863659
21.276487
24.049766
24.185362
23.778042
23.963254
23.289413
19.725134
13.863727
7.956602
2.676816
-1.616112
-3.651397
-3.46099
-1.279982
2.898642
5.614253
3.95719
-0.4903
-5.471353
-8.844183
-11.414849
-15.88338
-19.763277
-21.238502
-20.365165
-19.10971
-20.370107
-20.294518
-16.759339
-12.12794
-8.703423
-8.142067
-8.700831
-7.762293
-6.59308
-7.416028
-8.378731
-8.640061
-7.944665
-4.128678
0.821197
3.42277
1.979236
-2.403052
-5.561313
-7.619977
-9.677602
-11.618331
-15.214562
-16.908252
-14.461501
-10.802673
-6.948759
-4.693197
-3.356175
-1.093599
0.58268
0.948171
1.73968
4.745971
10.534377
17.213527
21.222002
22.560064
19.787817
13.75912
9.762588
6.57809
2.603378
-2.150638
-7.786826
-12.008058
-13.298069
-13.267939
-12.051189
-7.241069
-1.214197
2.600492
2.73323
0.947323
0.469866
-0.238004
-2.470453
-4.642376
-5.473896
-3.709036
0.576872
4.167121
7.298101
11.086553
13.411213
13.562915
11.995212
9.900441
6.570213
2.026869
-3.024062
-8.365933
-13.203334
-17.93527
-20.863117
-20.460999
-14.231248
-2.265821
9.47049
17.510305
22.340686
25.482316
26.520865
24.522467
18.963431
11.688107
5.140654
-0.420981
-4.060852
-6.007036
-6.417992
-6.092246
-5.706494
-4.88667
-4.328951
-2.393683
2.610743
8.111845
11.402842
12.600888
11.574542
9.649919
7.740881
4.978246
2.143136
-0.017357
-1.983803
-5.179731
-7.348537
-5.433271
-0.771219
4.955881
11.172904
16.492948
18.034148
16.251357
13.799924
11.968557
11.027155
9.088244
5.929463
1.610299
-5.765555
-14.954848
-20.736246
-22.016645
-23.051044
-25.922782
-29.661365
-31.149059
-31.826017
-34.014045
-33.324365
-28.208758
-19.814621
-10.854708
-4.712759
0.245688
4.043752
4.459897
2.239657
-0.888211
-2.721397
-1.620243
1.538012
4.937332
6.899875
8.360028
9.717052
9.020092
7.353158
5.05317
1.457199
-2.731562
-7.310494
-11.014788
-12.603791
-12.184529
-9.686863
-5.964912
-3.426203
-3.782608
-6.612263
-9.202931
-9.559076
-7.412877
-4.292807
-2.237267
-0.306415
2.853918
5.678632
5.611608
3.718157
3.971428
7.069936
10.389767
13.111612
15.477056
17.518049
17.807688
14.00754
8.996613
7.728683
10.67185
14.620839
15.837329
14.15429
13.022997
13.383033
13.825154
12.187315
6.165891
-2.717915
-11.366112
-17.30389
-19.746751
-19.005636
-15.140033
-9.336821
-3.915467
-0.642394
1.401716
3.555189
6.62876
10.871806
15.405533
18.83057
19.115532
16.281721
13.338807
12.623663
13.352308
14.911952
16.623819
16.087655
13.67259
8.929744
0.673017
-7.639559
-11.440487
-9.225189
-4.24674
1.681161
7.122257
9.630053
10.622883
10.53404
9.866952
9.61991
9.33676
8.450948
7.653198
9.346882
13.0839
16.472309
17.86752
17.836345
19.291821
21.417239
22.106141
22.216539
21.606601
20.951203
21.602178
21.878568
18.872271
12.190517
3.897943
-5.144582
-13.598992
-19.54768
-23.06572
-24.384825
-22.991693
-18.180274
-11.532297
-6.639051
-4.172038
-2.234433
-1.078209
-3.071671
-7.880238
-12.922596
-15.480534
-13.996223
-9.751619
-3.733059
2.438764
6.942358
7.768936
3.937876
-1.37568
-6.765089
-11.107372
-13.347094
-13.763765
-12.226981
-10.891258
-11.522497
-13.990815
-16.616033
-18.110481
-20.982997
-26.18875
-30.571297
-33.845156
-36.045133
-35.987208
-33.536561
-27.824787
-22.671514
-21.013158
-21.079143
-22.535145
-24.083105
-24.519778
-23.487983
-19.86864
-14.300517
-9.516115
-5.157732
-0.978329
-0.076158
-1.871417
-5.850805
-11.56856
-16.143076
-19.675403
-23.116292
-25.660203
-25.981279
-25.388492
-25.377325
-24.618546
-21.810977
-17.495716
-13.791428
-10.447179
-6.87875
-3.642565
-1.055279
0.118089
0.50566
0.996618
2.963318
6.469663
10.146934
14.13255
17.08481
17.220405
14.551806
10.779973
8.760534
8.421014
8.627527
9.67283
10.547985
10.589804
9.139517
6.170366
2.623752
-2.463027
-9.224529
-16.286843
-20.64809
-20.530678
-18.531767
-15.664971
-10.857449
-4.181416
5.131001
15.669782
23.059397
26.206742
26.479495
25.796303
25.082198
23.726466
22.346316
21.750665
21.155014
19.147524
16.01472
11.698932
6.477334
2.340007
0.394083
1.159096
3.865615
6.432119
7.371437
7.500798
8.193856
9.062776
10.19744
11.313659
11.583295
11.136232
8.964828
6.243756
5.143116
5.000761
5.853835
7.168777
8.46034
9.852434
10.258967
9.384326
8.353304
8.900372
10.550414
10.994355
9.318069
8.26107
9.581987
10.592222
10.924202
10.419729
8.286512
5.937168
3.284415
-0.078284
-3.595285
-7.618574
-13.313729
-20.071075
-25.820522
-28.907347
-29.407403
-28.005179
-24.337259
-19.554935
-15.716088
-14.488687
-15.908582
-17.740468
-18.107523
-17.234706
-15.080454
-10.415545
-5.15187
-1.615133
0.290002
1.180743
1.352186
0.395198
-0.968587
-1.95311
-1.855181
-0.162796
1.941581
3.391083
5.100093
8.440186
11.381795
11.826774
11.04409
9.799019
8.034932
5.986919
4.524942
4.809385
5.607129
5.956773
7.179498
9.839778
12.486031
13.302478
12.130662
9.365429
6.094429
3.681961
1.660444
-1.668226
-5.331736
-5.90089
-4.397357
-2.747314
-1.134678
-0.371483
1.24531
4.081453
6.504825
7.695598
7.161252
5.627579
2.654013
-2.481343
-7.821655
-10.833927
-10.727165
-8.622529
-5.33413
-0.27723
6.12163
12.39762
16.572087
17.244883
15.863174
13.91647
11.240078
7.839713
3.655368
-0.130752
-1.663127
-1.517919
-0.981242
-0.020104
2.181426
3.212702
0.206664
-4.008333
-7.228419
-8.886521
-7.619636
-4.54113
-0.768263
3.549336
7.310253
9.986899
12.2648
14.133308
14.49698
13.00435
10.604092
7.37881
2.986651
-0.800769
-3.096081
-4.07437
-3.408588
-2.04403
-0.817929
-0.608039
-1.952082
-2.872443
-1.971051
0.270223
2.882706
4.454299
5.228145
5.115662
4.411168
4.501045
4.306735
3.968515
4.307509
5.591279
6.957135
6.280696
5.432031
6.368492
7.675901
7.976189
7.898515
9.158387
11.286143
12.090901
10.998054
9.404115
8.627146
7.466759
4.050029
0.680576
0.026217
0.666542
0.090893
-1.445637
-1.595266
-0.264738
0.012691
-2.876971
-7.233022
-10.266595
-12.241094
-13.652416
-14.30054
-13.593715
-10.890573
-7.857266
-5.239848
-2.938307
-3.054946
-4.942423
-7.844813
-11.718215
-13.748565
-14.146272
-14.628405
-15.101186
-15.072095
-14.582695
-14.060824
-14.123172
-15.38227
-16.537721
-17.554196
-17.370283
-13.944467
-10.424615
-8.55247
-6.636425
-3.667021
0.762538
4.838554
6.997222
7.677811
6.562624
4.11249
2.278006
1.670146
2.910794
5.113623
6.122299
6.439212
5.340651
3.123788
1.323334
-0.960809
-3.029604
-4.381439
-4.429759
-3.293537
-3.255095
-4.094928
-5.138938
-6.030205
-6.539613
-7.343598
-8.524246
-9.757367
-10.66448
-10.63461
-9.054964
-7.903156
-8.67467
-9.699718
-9.315784
-7.606254
-5.625787
-3.282943
-0.893081
0.633572
0.85645
0.884502
2.157361
3.953394
4.957394
4.103793
1.393891
-2.666545
-7.201836
-11.290326
-14.170896
-15.126845
-14.046733
-10.246851
-4.747827
0.067228
2.436049
1.870271
0.824442
1.62972
3.982954
6.345281
7.988829
9.532367
10.825748
10.45168
8.804228
7.954784
7.552141
6.17303
4.043189
1.895945
0.377078
-1.361551
-3.723105
-4.883491
-4.39539
-2.524025
0.328483
2.53391
3.613242
3.51193
1.758233
-0.430834
-0.987
0.427173
2.166576
3.350076
4.209385
3.69634
1.983427
0.545089
-1.098466
-3.304158
-5.802869
-8.158707
-9.870061
-11.033565
-11.320872
-11.096435
-10.607036
-9.390545
-7.828044
-5.856409
-3.749954
-1.617003
1.084581
3.29806
4.947323
6.26876
6.863106
6.840243
5.994176
6.070804
7.175334
7.226246
6.539676
5.2998
2.993837
0.3455
-1.16869
-1.158043
0.163394
2.685218
5.32082
7.092174
7.608849
6.660174
4.521242
2.350618
1.16971
1.108921
1.770027
2.28904
2.563092
3.251474
4.990358
8.056915
11.433635
13.671013
14.101965
12.929629
11.393359
9.911379
7.775565
5.104887
3.182861
2.861266
3.634851
5.154491
6.945068
8.862152
10.396338
10.534012
9.490261
7.13806
4.219045
1.402378
-1.678992
-3.758178
-3.789093
-2.359594
-0.288987
1.507825
2.574948
3.773774
4.606587
4.279017
3.741034
4.019502
6.094785
8.259948
9.546315
11.732
13.874822
14.547878
13.899754
13.155515
13.261757
13.695826
13.765181
12.309439
10.246878
9.231702
8.441485
7.777255
7.85778
8.397055
8.736049
8.410038
7.493573
6.47528
5.955221
5.404251
4.476097
3.837324
3.646132
3.844332
4.474006
5.430468
6.177038
6.58565
6.946465
7.011404
6.225083
4.989624
4.524636
4.473978
3.577776
1.723549
0.212995
-0.339274
-0.127826
0.86916
2.113445
3.849731
5.933586
7.391141
8.400596
9.996607
12.220477
13.876234
14.550589
14.279648
13.157447
11.448691
9.166886
5.921602
2.253936
-0.939914
-3.785155
-6.190089
-8.886743
-11.45689
-12.894969
-13.591929
-13.700255
-14.801415
-16.89229
-18.656377
-20.571649
-22.645639
-24.979657
-26.765565
-27.49006
-27.716062
-26.996248
-26.218506
-25.994849
-25.443884
-24.760178
-24.51548
-24.226881
-23.015586
-20.57403
-17.715807
-15.127742
-12.108723
-8.296372
-4.457265
-1.826858
-0.038099
1.894831
2.936238
1.706233
-0.978212
-2.66281
-2.308749
-0.50908
0.679095
0.288401
0.538295
1.454234
0.52556
-2.058874
-4.784622
-6.814971
-7.932236
-9.127431
-10.387309
-11.25182
-10.778785
-8.521405
-5.926067
-2.807037
-0.115584
0.657742
0.560845
0.429659
0.23457
0.08624
0.378216
-0.050664
-1.219363
-2.644713
-5.297986
-8.093092
-10.192539
-11.66075
-12.634883
-13.316517
-13.240149
-12.270178
-9.94318
-6.932214
-4.88031
-3.825915
-2.854906
-1.919744
-1.942607
-2.149385
-1.132397
0.78157
3.414834
5.641562
6.541655
6.775702
6.233823
5.195788
3.053738
-0.200118
-3.177321
-4.907898
-4.155354
-1.882647
1.285999
5.269277
8.341289
9.495175
8.633782
6.557454
4.285001
2.431294
0.915545
0.067659
0.118571
0.297028
0.577574
0.572116
0.37443
0.218566
-0.426961
-0.723619
-0.37865
0.286353
1.478165
2.775962
4.074799
5.639638
7.625301
9.943207
12.161362
14.076108
15.476774
16.770934
17.830525
17.248901
14.521595
9.401566
2.205991
-4.770599
-9.349531
-11.412092
-12.319984
-12.603394
-12.077107
-11.06973
-9.754528
-8.970292
-8.872882
-8.370494
-7.446762
-6.503808
-5.261341
-3.071501
-0.61332
1.301167
3.357746
5.550444
7.282833
7.926275
7.213729
6.151275
5.428857
4.830089
4.054159
3.211988
3.206011
4.788773
6.889773
8.710743
11.231268
14.502263
18.2624
21.675748
23.588416
24.116521
23.052768
21.202698
19.704094
18.256924
16.939118
15.814839
14.161153
12.220684
10.140459
7.435233
5.044845
2.918122
-0.121685
-3.798443
-7.940706
-12.465346
-16.279782
-19.025012
-19.992911
-18.343647
-15.685965
-12.893982
-9.274639
-5.268501
-2.081412
-0.92259
-1.817494
-3.348309
-4.899127
-6.709193
-8.615113
-10.111899
-10.424403
-9.671079
-8.521609
-6.466848
-3.360806
-0.454266
1.821818
3.783062
5.446613
6.444119
6.438141
6.578672
7.23874
7.558251
7.733851
8.298064
9.537673
11.332407
13.130517
13.90722
13.306634
11.866477
10.194608
8.798352
7.362092
5.91726
4.948842
3.972111
2.613262
1.068419
-1.077267
-3.486617
-5.471248
-7.084669
-7.585245
-6.898682
-5.620627
-3.869274
-2.071683
-0.572306
0.065421
-0.293062
-1.207448
-2.690986
-4.830437
-7.392272
-9.105704
-9.597967
-10.076203
-10.597041
-10.783298
-10.775248
-10.589257
-10.038033
-9.424984
-8.99663
-8.242267
-7.401401
-6.963176
-7.657279
-9.60632
-11.878514
-14.293319
-15.904663
-15.942592
-14.148118
-10.560207
-6.873064
-3.800532
-1.295593
1.239998
4.020551
5.323544
5.612143
6.099984
6.416118
6.516386
6.91123
8.386709
11.091669
14.988704
18.749621
21.051421
21.888131
20.584093
17.987969
15.170263
12.47309
10.304284
7.459563
3.823848
0.467903
-2.220958
-3.983227
-5.312722
-6.221653
-6.115671
-4.990619
-2.188766
2.047267
5.915987
8.73031
10.404511
10.901444
10.715187
9.933023
8.720423
7.22026
4.680766
0.975174
-2.920829
-6.362497
-9.385679
-12.357428
-14.655338
-14.989402
-14.016055
-12.171706
-8.999163
-5.73752
-2.603424
1.031766
3.720101
4.484595
3.377201
0.567288
-2.467324
-5.156444
-8.032338
-11.226967
-14.699808
-17.11877
-16.802895
-14.496159
-12.806112
-11.769122
-10.138302
-8.821281
-8.361236
-8.361239
-8.360722
-8.677382
-10.130787
-11.361051
-11.00777
-10.220157
-10.139372
-10.836592
-11.49121
-11.024411
-9.253576
-6.043627
-1.654851
3.06487
8.195803
14.000573
19.212294
22.861511
25.104864
25.886762
25.714792
24.888727
23.681842
22.337281
19.83779
15.919708
11.429616
7.177472
3.752948
1.78832
2.113287
4.53484
7.568407
9.992818
11.741832
12.800383
12.635687
10.993432
8.195728
4.869397
2.111178
0.468142
-0.912008
-2.029273
-2.308007
-1.742495
-0.330919
1.567462
3.741456
5.892332
7.162074
7.20805
6.863594
7.545742
9.595567
12.134536
14.423348
14.984963
13.308678
10.677745
7.294005
3.132
-1.095206
-4.221516
-6.166142
-7.48135
-7.830741
-7.876983
-8.966972
-11.602321
-14.827343
-17.077975
-17.631284
-16.676121
-15.065822
-13.286935
-11.637152
-10.862527
-11.080735
-12.023436
-13.677381
-15.370552
-16.06959
-15.60305
-14.523198
-13.138638
-11.45015
-9.805822
-7.959395
-5.387436
-2.672864
-0.742532
-0.147147
-0.208195
0.258605
1.495097
3.060455
4.129917
3.879497
2.520648
1.223884
0.928265
2.209177
4.729702
7.580132
10.031559
11.639
12.365308
11.736926
9.909716
7.47231
4.423151
0.916021
-3.11506
-6.8126
-9.590561
-11.372053
-11.060854
-8.771782
-5.202314
-1.267093
2.183921
4.86784
6.013933
5.701688
4.842633
3.419621
1.107683
-1.057485
-2.153449
-2.309573
-1.881479
-1.325838
-0.926578
-0.708376
-1.135697
-2.215036
-2.719768
-2.202833
-0.629942
0.71929
0.686296
0.239492
-0.640605
-1.985166
-3.80874
-5.690243
-6.400451
-6.030805
-4.659493
-2.503162
0.348827
4.161437
7.843385
10.626535
12.594014
13.093805
11.615722
8.145999
3.749164
-0.131512
-3.78697
-7.134082
-9.181057
-9.991536
-10.199093
-10.090773
-9.531496
-8.884417
-9.073531
-9.961681
-10.317566
-9.304994
-7.250493
-5.418093
-4.751272
-4.979351
-5.48798
-6.293263
-7.2183
-8.168794
-9.693115
-11.221593
-11.740612
-11.230431
-9.918606
-7.953985
-5.206942
-1.920881
1.113465
3.713739
5.387161
5.564839
4.851513
3.268225
0.416489
-2.702807
-4.917592
-6.287091
-7.1542
-7.320194
-5.520266
-1.749997
1.570613
4.205696
7.196401
10.724046
13.941529
15.113339
15.228153
15.3731
15.073325
14.264664
12.671505
10.9043
9.62468
8.621194
7.876956
6.90594
5.762698
6.107667
7.771997
8.734434
8.712091
8.520379
8.353345
8.014085
7.746001
7.556368
7.042284
6.526901
6.340125
6.108149
4.958673
2.644397
0.161273
-1.744648
-2.928673
-3.419118
-3.479127
-3.290539
-3.328728
-4.063095
-5.158539
-6.492191
-8.288489
-10.364558
-12.560119
-14.788412
-16.803435
-18.31191
-19.078488
-18.335815
-15.869062
-13.095003
-11.039203
-10.295491
-10.757621
-11.446009
-12.291557
-12.791093
-11.899054
-10.157053
-8.696641
-7.903832
-7.687708
-7.382224
-6.452778
-4.785071
-2.222983
1.007488
4.053264
6.602883
8.797139
9.907904
9.704242
8.742838
7.5731
6.325692
4.867351
3.263281
1.555304
0.491292
0.520123
1.308255
3.054672
6.079666
9.707582
13.334199
16.842621
19.668634
21.651959
23.150816
24.014282
23.34096
20.877058
17.751268
15.011752
12.475895
10.33956
8.933433
7.929427
7.730182
7.29299
5.618782
3.270737
0.090915
-3.878602
-8.085547
-11.461494
-13.311564
-14.045152
-14.108019
-13.386387
-11.961822
-10.989774
-10.592852
-9.238944
-6.692443
-3.980469
-1.862844
-1.253951
-1.90779
-2.754117
-3.471599
-3.682533
-3.437835
-3.196774
-3.396278
-4.091161
-4.686032
-5.640423
-7.412303
-9.294325
-10.675254
-11.1644
-11.141284
-10.952436
-9.906613
-7.41752
-3.61504
0.580728
3.881596
5.822059
6.636428
6.031945
4.233829
2.276474
0.87814
0.054933
-1.259236
-3.098916
-4.371782
-4.771568
-4.276453
-2.614201
0.656014
4.635136
7.79469
9.833086
11.181538
11.988634
11.314793
9.043639
6.478427
4.262084
2.369152
1.106158
0.974452
2.098984
3.843583
5.426086
6.529317
6.997416
7.130933
6.982603
6.716857
6.602816
6.210563
5.504251
4.540769
3.457533
2.586009
1.624864
-0.275601
-2.896403
-4.88337
-5.964268
-6.63681
-7.130632
-7.239218
-6.593958
-5.716465
-5.091466
-3.863287
-1.674226
0.463661
1.88277
2.592453
2.686226
1.909517
0.495078
-0.177465
0.735876
2.915846
5.150886
6.347114
6.766636
6.393087
4.66173
1.722193
-1.006931
-1.61609
-0.376741
1.415135
3.32027
5.003044
6.26889
6.75803
6.669446
7.121958
8.239996
9.434926
10.015504
9.413878
8.05373
6.433035
5.390583
5.103537
4.789734
4.438524
4.059
3.716883
3.007194
1.897722
1.310124
1.496894
2.412313
3.757128
5.597061
8.071607
11.059195
14.37513
16.729923
17.338296
16.548599
14.984013
12.807934
9.552
6.330095
4.51873
3.640972
3.264565
3.293396
3.245336
2.656439
1.353699
0.102914
-0.549886
-1.068646
-1.700664
-2.661029
-4.139112
-5.770977
-6.625097
-6.240904
-5.09559
-3.699081
-2.939003
-3.14708
-3.623498
-4.034194
-4.122778
-3.658056
-2.879535
-2.640032
-3.232046
-3.660147
-3.556502
-3.158541
-2.832276
-3.086851
-4.193206
-6.092113
-7.902958
-9.26986
-10.320364
-11.029794
-11.504133
-11.463093
-11.086432
-10.918106
-11.110337
-11.243082
-11.102031
-10.86071
-10.154923
-9.097931
-8.153677
-7.705581
-8.126408
-8.869867
-9.291473
-9.243419
-8.501266
-7.491031
-6.900062
-6.820576
-7.188671
-7.732628
-7.997334
-7.816799
-7.458582
-6.514588
-4.805059
-3.086957
-1.867869
-1.387302
-0.950895
-0.409282
-0.404869
-0.639182
-0.489299
0.232852
0.922793
1.320754
1.625459
1.968609
2.760638
3.687227
4.250661
4.805262
5.496761
5.890826
5.563516
4.382088
2.499287
0.289958
-1.659604
-2.767517
-2.947799
-2.615299
-1.907435
-0.813295
0.254867
0.997021
1.584613
1.793204
1.701762
1.630842
0.973886
0.239
0.16756
0.056636
-0.518233
-1.025563
-0.975431
-0.7897
-0.571498
-0.328358
-0.354858
-0.811793
-2.370144
-5.248116
-8.819928
-11.981047
-13.758382
-14.106734
-13.503296
-12.273558
-10.5726
-8.81917
-7.561637
-7.330966
-8.042473
-8.942313
-9.588618
-9.598233
-9.00025
-7.857794
-5.586646
-2.750243
-0.221925
1.756984
3.312991
4.66404
4.953938
4.000067
2.610566
1.51694
0.948564
0.729837
1.026229
1.680841
2.302202
2.348178
1.847083
1.255848
0.582007
0.132086
-0.106384
-0.074956
0.86722
2.540641
3.799993
4.028066
3.895582
3.95039
4.083388
4.182096
4.304704
5.016465
7.069407
9.955686
12.428673
14.081573
14.665009
14.121571
13.001449
11.689878
10.191793
8.809825
7.849979
6.838959
5.609994
4.448049
3.206875
1.99973
1.472398
1.529024
1.523566
1.386925
1.394715
1.853722
2.698744
3.682482
4.883386
6.12845
6.571351
5.749183
4.120435
2.167237
0.161306
-2.115823
-4.325412
-5.767906
-6.739442
-7.183388
-6.963628
-5.93469
-4.376605
-3.103745
-1.696845
-0.190974
0.608329
0.40207
-0.413864
-0.761696
-0.651298
-0.742739
-0.822491
-0.7495
-0.458043
-0.220878
-0.190488
0.545691
1.872322
3.12492
3.952538
4.110993
4.213598
4.591817
5.033679
5.09706
4.53336
3.872767
3.388037
3.065143
3.457129
4.607898
5.513446
5.376285
4.53879
3.698958
2.893674
1.8985
0.362229
-1.305224
-2.291566
-2.736032
-3.228555
-4.000589
-4.401414
-4.336994
-4.39051
-4.220365
-3.271436
-1.401629
0.865362
2.648147
3.712672
3.981789
3.468225
2.580854
1.795053
1.149267
0.232803
-0.659503
-0.96837
-0.92759
-1.323999
-2.282026
-3.112507
-3.945326
-4.992194
-5.737991
-5.792545
-5.014284
-3.461135
-1.657049
-0.212223
0.827625
1.847211
3.110978
3.904566
3.945607
4.114193
4.645935
5.057404
4.976093
4.783083
4.585916
3.952858
2.983401
1.788206
0.719518
0.048794
0.061779
1.229692
2.674519
3.300816
2.875832
1.661674
0.26308
-1.230848
-2.812318
-4.108044
-4.768896
-4.892549
-5.053608
-5.330004
-5.761742
-6.768086
-7.724814
-7.859377
-7.824831
-8.188769
-8.743637
-9.723484
-11.188838
-12.273113
-12.734464
-13.172435
-13.823677
-14.436213
-14.27438
-13.188294
-11.569423
-9.392831
-6.929455
-4.510499
-2.606923
-1.41537
-0.544891
0.059846
0.39832
0.398577
0.3461
0.635219
1.354254
2.446055
3.463303
4.41457
5.2505
5.791334
6.446985
7.305515
8.425112
9.343128
9.095826
7.961676
6.456578
5.183452
4.653263
4.333485
4.14515
4.341792
4.622338
4.769363
5.064976
5.42657
5.630485
6.099882
6.963607
8.330243
10.080297
11.647214
12.989432
13.890823
13.996546
13.078263
10.988167
8.299566
5.719288
3.556717
1.819905
0.622632
-0.127061
-1.090803
-2.244955
-3.221946
-4.024112
-4.664703
-5.157226
-5.233601
-4.771737
-3.999969
-3.218331
-2.703993
-2.439553
-2.276422
-1.896124
-1.216575
-0.681196
-0.380907
-0.010482
0.693746
2.065318
3.985779
5.650369
6.519289
6.454344
5.530866
4.05642
2.253368
0.617606
-0.354189
-0.910874
-1.302867
-1.517439
-1.779028
-1.849688
-1.589144
-1.403413
-1.080265
-0.384869
0.389496
0.87422
0.932145
0.854211
0.845376
0.916809
1.016297
0.791335
0.352064
0.149442
-0.095003
-0.557912
-1.161616
-2.152374
-3.509924
-5.023595
-6.496222
-7.57634
-8.261352
-8.354092
-7.558945
-6.593651
-5.671738
-4.370563
-2.529331
-0.227791
1.858662
3.540397
4.643888
4.986259
4.867022
4.141747
3.27256
2.7551
2.354275
1.963321
1.538337
1.377798
1.630289
1.998117
2.179692
1.897841
1.345051
0.746283
-0.01536
-0.655431
-1.019109
-1.246149
-1.141206
-0.527118
0.547019
1.79676
2.951945
3.856973
4.388455
4.415987
3.933595
3.238453
2.429792
1.490209
0.538156
-0.111007
-0.294406
-0.580414
-1.418168
-2.65077
-4.067548
-5.625379
-7.270492
-8.583363
-9.097966
-8.919509
-8.266195
-7.653146
-7.773941
-8.135022
-8.086708
-7.692903
-7.24117
-6.936985
-6.606303
-6.244709
-5.837916
-5.293186
-4.526094
-3.362337
-2.002715
-0.579969
1.01786
2.745314
4.273785
5.290254
6.008509
6.468555
6.286195
5.462987
3.976852
1.930397
-0.047219
-1.989507
-4.112334
-5.841872
-6.755998
-6.976025
-6.706389
-5.983457
-4.897111
-3.510733
-2.097598
-1.112562
-0.50237
-0.11376
0.38655
0.981675
1.297809
1.593682
1.946184
2.167763
2.05554
1.52613
1.157776
1.391564
1.989806
2.876131
3.857791
4.346412
4.103006
3.27772
2.240983
1.061634
0.095294
-0.059011
0.493772
1.430752
2.357341
3.038449
3.221582
3.131699
3.29509
3.420295
3.453543
3.529911
3.582381
3.695377
3.594065
2.893987
1.772566
0.637636
-0.403776
-1.341801
-2.087858
-2.577004
-3.012898
-3.891955
-5.267949
-6.622902
-7.428965
-7.690814
-7.825377
-7.871878
-7.680692
-7.424305
-7.60043
-8.155038
-8.597166
-8.639511
-8.101535
-7.538881
-7.457317
-7.633183
-7.622535
-7.178076
-6.476186
-5.85898
-5.478943
-5.230608
-5.158655
-5.202819
-5.321017
-5.396612
-5.261276
-5.285178
-5.472474
-5.540536
-5.59587
-5.784724
-5.997477
-5.846295
-5.373261
-4.996601
-4.751123
-4.279907
-3.352539
-2.176572
-0.638749
1.011293
2.035036
2.638993
2.899017
2.848879
2.772764
2.682621
2.98343
3.771303
4.700749
5.467581
6.132843
6.970852
7.943939
8.774674
9.171336
9.388499
9.501495
9.133401
8.135889
6.67599
5.200765
4.056484
3.373551
2.970908
2.505401
1.955469
1.443463
0.853008
0.30983
0.086426
0.198123
0.671937
1.294078
1.8479
2.203259
2.366391
2.490816
2.467694
2.091287
1.44602
0.8605
0.247705
-0.417564
-1.173232
-2.121908
-2.510783
-1.777202
-0.299385
1.260778
2.473112
3.21033
3.634008
3.921308
4.343428
5.471078
7.113068
8.566466
9.724768
10.53576
10.680968
10.11519
9.252498
8.698409
8.843876
9.453549
9.610445
8.753468
7.440078
6.464906
6.027454
5.671309
5.02916
4.558977
4.580794
4.774318
4.988883
5.027066
4.821327
4.550126
3.960449
3.09464
2.416642
2.076863
1.75215
1.212349
0.500582
-0.264698
-0.776184
-1.212337
-1.800974
-2.573787
-3.797037
-5.54372
-7.512764
-9.271136
-10.388401
-10.536212
-9.748859
-8.181162
-6.283561
-4.457136
-2.869437
-2.095851
-2.356402
-3.174414
-4.175823
-5.331793
-6.438667
-7.290449
-8.060664
-8.611635
-8.84439
-8.756072
-7.802987
-6.09086
-4.506798
-3.50072
-2.810779
-1.99615
-1.034233
0.027176
1.168593
2.311569
3.35843
4.038759
4.37074
4.591799
4.706094
4.43801
3.660522
2.706131
1.470412
0.100913
-0.609296
-0.813736
-0.714768
-0.092367
0.861238
2.083702
3.351107
4.378486
5.412359
6.442856
7.008367
7.036679
6.680274
5.878887
4.954889
4.342094
4.058164
4.015299
4.177651
4.48885
4.700298
4.775887
4.830176
4.959018
5.219042
5.322427
5.117207
4.747554
4.532463
4.598181
4.944709
5.918056
7.418213
9.024874
10.247079
10.450734
9.538686
7.789665
5.895434
4.546716
3.684803
2.977192
2.317119
1.844598
1.649249
1.638336
1.502474
1.235949
1.116193
1.018257
1.106316
1.555191
2.304879
3.074048
3.194318
2.74102
2.053671
1.39022
0.951209
0.629094
0.143065
-0.538309
-0.919392
-1.038629
-0.937062
-0.594172
-0.158284
0.133692
-0.228168
-0.839925
-1.118399
-1.0984
-0.838116
-0.04219
1.401857
3.031897
4.378272
5.067433
4.961185
4.07901
2.749254
1.37378
0.165856
-0.733204
-1.254821
-1.664218
-2.369491
-3.208285
-4.28087
-5.497106
-6.478513
-7.321982
-8.038165
-8.800068
-9.460921
-9.725367
-9.767453
-9.676018
-9.356506
-8.749692
-8.17275
-7.668544
-6.764554
-5.454808
-4.181948
-3.268607
-2.616333
-2.269806
-2.579712
-3.319534
-4.017014
-4.462519
-4.493435
-4.139634
-3.517233
-2.857945
-2.644419
-2.928089
-3.312029
-3.581411
-3.829233
-4.153426
-4.160703
-3.597269
-2.938761
-2.52859
-2.413776
-2.338447
-1.805925
-1.149235
-0.94636
-1.009746
-1.005333
-0.991309
-1.175747
-1.650606
-2.036624
-1.99974
-1.832193
-1.669062
-1.47294
-1.361503
-1.516328
-1.832468
-2.232254
-2.819073
-3.183531
-2.900127
-2.064716
-1.331135
-1.144365
-1.445959
-2.107591
-2.924044
-3.815311
-4.361606
-4.205229
-3.631924
-2.966142
-2.378291
-1.904217
-1.398972
-0.751373
-0.2999
-0.284317
-0.641761
-1.235074
-1.717726
-2.115174
-2.49262
-2.742
-3.022812
-3.298948
-3.388831
-3.359481
-3.332468
-3.653025
-4.648978
-5.760788
-6.435408
-6.827921
-7.018074
-6.981709
-6.674927
-6.38347
-6.522969
-7.022765
-7.552955
-7.734016
-7.726486
-7.664924
-7.279691
-6.476492
-5.170382
-3.74374
-2.651678
-1.88069
-1.22374
-0.547308
-0.082586
0.304725
0.800878
1.128183
1.573942
2.578461
3.764558
4.740503
5.374074
5.614097
5.626822
5.59227
5.80138
6.190509
6.662504
7.397385
8.257213
8.950011
9.243286
9.209773
9.012866
8.820894
8.600088
8.078731
7.342286
6.567915
6.069157
5.999017
6.236182
6.609205
6.657519
6.453858
6.332543
6.089397
5.532192
4.929008
4.387908
3.682635
2.948787
2.301702
1.790216
1.517717
1.315874
0.936869
0.343037
-0.299113
-0.94334
-1.601335
-2.320896
-3.121763
-3.763133
-4.011215
-3.950952
-3.72132
-3.295044
-2.663292
-1.92997
-1.42992
-1.143659
-0.728553
-0.254219
0.104517
0.335188
0.662492
1.248266
2.037697
2.697245
3.011301
3.014415
2.475394
1.655563
0.978345
0.449455
-0.01917
-0.519746
-1.270738
-2.250845
-2.990927
-3.552029
-3.749196
-3.376173
-2.809622
-2.184623
-1.993957
-2.412706
-2.895617
-3.024206
-2.815615
-2.468568
-1.795253
-0.683969
0.429913
1.085824
1.487682
1.947208
2.513499
2.919513
2.834826
2.629086
2.595313
2.565697
2.2228
1.50246
0.759521
0.201277
-0.171493
-0.387104
-0.553618
-0.911582
-1.421249
-1.995599
-2.438247
-2.403441
-2.120038
-1.761821
-1.406721
-1.155788
-0.94486
-0.794717
-0.641977
-0.528201
-0.493136
-0.685627
-1.230883
-1.80809
-2.184757
-2.46427
-2.764306
-2.996541
-2.826136
-2.357778
-2.038007
-1.859809
-1.831757
-1.527572
-0.887507
-0.345634
0.318329
1.013205
1.775881
2.486083
2.927945
3.106403
3.040419
3.089772
3.035477
3.067685
3.496819
3.871661
4.134283
4.351446
4.708104
5.171007
5.333879
5.291014
5.235161
5.292306
5.360103
5.268402
5.041102
4.510133
3.762518
2.953078
2.244687
1.954524
2.029334
2.324167
2.801617
3.151262
3.204511
3.190221
3.220611
3.258014
3.351787
3.628437
4.070559
4.607496
5.003639
5.12235
5.20781
5.339769
5.51433
5.763445
5.865011
5.755126
5.792529
5.916695
6.066059
6.448694
6.769764
6.74768
6.35283
5.629893
4.702518
3.769429
2.99168
2.297577
1.640621
1.087572
0.578424
0.050313
-0.519102
-1.181253
-1.70339
-1.891725
-1.97849
-2.162149
-2.5796
-3.439434
-4.427335
-5.02922
-5.332113
-5.45031
-5.346147
-5.035727
-4.550743
-4.161614
-4.062126
-4.253838
-4.611801
-5.114975
-5.710886
-6.189641
-6.645277
-6.940636
-7.191056
-7.697087
-7.980756
-8.104929
-8.201046
-7.798668
-7.096259
-6.24812
-5.287501
-4.505343
-3.890995
-3.505243
-3.246777
-2.913238
-2.540734
-2.256811
-2.108227
-1.883011
-1.535185
-1.106051
-0.635615
-0.143617
0.272268
0.347598
0.1629
-0.081285
-0.237669
-0.352489
-0.630704
-0.753837
-0.559014
-0.349125
-0.186513
-0.22756
-0.419012
-0.722424
-1.109741
-1.159879
-1.073639
-0.859594
-0.409679
0.054264
0.784728
1.593642
1.983031
1.921463
1.460372
0.800558
0.171657
-0.509458
-1.110564
-1.398909
-1.223569
-0.685852
-0.08735
0.503878
0.917426
1.197453
1.282913
1.085746
0.794543
0.282018
-0.371042
-0.925649
-1.356348
-1.650148
-1.689636
-1.205432
-0.374437
0.301216
0.734506
0.908028
0.848538
0.679166
0.436539
0.209759
0.03727
0.062724
0.346388
0.828773
1.494556
2.048118
2.236187
2.225273
2.13565
1.917962
1.741316
1.777161
2.040823
2.434628
2.716473
2.628149
2.012495
0.988747
-0.074486
-0.957441
-1.704276
-2.458386
-3.25198
-3.862438
-4.191567
-4.228457
-4.134424
-4.118841
-4.055201
-3.921164
-3.780373
-3.552559
-3.213046
-3.002897
-2.944712
-2.986797
-3.298002
-3.903265
-4.735824
-5.395638
-5.693854
-5.88089
-6.033118
-6.186384
-6.276007
-6.189767
-6.035987
-6.091581
-6.281474
-6.367461
-6.498127
-6.365908
-5.597518
-4.534291
-3.60978
-3.106613
-2.947897
-3.040118
-3.256768
-3.399383
-3.51862
-3.452642
-3.296525
-3.091571
-2.682439
-2.300324
-1.887036
-1.280222
-0.488712
0.30046
0.862335
1.331473
1.772036
2.005045
2.069204
2.281432
2.643545
3.081251
3.762359
4.489966
5.168736
5.887771
6.342621
6.493544
6.39353
5.901526
5.316006
4.977785
4.765032
4.589166
4.423951
4.244708
4.133004
3.887261
3.69425
3.492667
3.069502
2.907404
2.622955
2.323439
2.512547
2.689186
2.841407
2.871537
2.456944
1.860514
1.281488
0.638819
0.017711
-0.527805
-0.915381
-0.750692
-0.363381
-0.023607
0.487873
0.786603
1.051043
1.289247
1.238849
1.102208
0.770222
0.624489
0.53045
0.209114
0.101307
0.050389
0.05766
0.328335
0.470165
0.361838
0.387293
0.668878
1.187112
1.821202
2.365673
2.901311
3.490721
4.068702
4.576805
4.762536
4.648494
4.54874
4.407164
4.245585
4.107126
3.926584
3.607066
3.020247
2.458886
1.750496
0.724929
-0.079835
-0.583788
-1.008512
-1.746256
-2.80845
-3.792974
-4.645535
-5.020903
-5.043506
-4.826603
-4.09432
-3.289822
-2.378819
-1.483402
-0.87295
-0.167424
0.439131
0.823065
1.046722
1.064903
0.961512
0.858381
0.998912
1.258417
1.745219
2.395415
2.720901
2.948455
2.997548
2.962216
3.109762
3.038842
2.991821
2.973894
2.888946
2.955184
2.632289
1.938186
1.307727
0.672331
0.272285
0.156426
-0.017882
-0.240766
-0.412215
-0.527815
-0.672249
-0.783953
-0.821882
-0.969173
-1.03256
-0.963205
-0.999316
-1.138555
-1.43833
-1.983066
-2.612227
-3.259312
-4.11577
-4.88079
-5.277459
-5.443453
-5.166804
-4.602591
-3.962006
-3.097762
-2.242349
-1.51656
-0.8939
-0.414891
-0.179025
-0.196952
-0.288653
-0.266836
-0.024475
0.148267
0.204114
0.265416
0.188002
0.066168
0.021485
0.075773
0.230592
0.473991
0.777397
1.059762
1.411225
1.908937
2.381711
2.750839
2.939427
2.882015
2.556523
2.004513
1.631743
1.289366
0.915816
0.955558
1.217141
1.681603
2.186069
2.441677
2.651567
2.709232
2.672342
2.695978
2.718574
2.707142
2.632845
2.632582
2.640891
2.548671
2.454632
2.425534
2.441897
2.397473
2.188877
1.793766
1.504382
1.460998
1.363322
1.178883
0.8882
0.493609
0.215135
-0.012944
-0.186732
-0.299994
-0.409619
-0.506516
-0.640559
-0.66576
-0.59095
-0.562378
-0.552251
-0.570437
-0.653047
-0.750723
-0.79099
-0.768913
-0.774371
-0.848667
-0.931017
-1.105065
-1.526152
-2.025429
-2.423396
-2.69122
-2.724473
-2.644988
-2.446268
-2.038436
-1.714768
-1.542025
-1.307718
-0.999376
-0.678566
-0.462442
-0.386853
-0.250478
-0.142158
-0.150474
-0.082677
0.07344
0.358403
0.746752
1.142895
1.591512
1.984278
2.31418
2.640445
2.887741
3.013206
3.042556
3.166203
3.388042
3.493764
3.421805
3.129044
2.686916
2.412857
2.198546
1.78733
1.215318
0.714222
0.551605
0.404573
0.233902
0.222989
0.237273
0.385597
0.370787
0.007889
-0.239154
-0.565945
-0.923389
-0.994568
-1.218751
-1.244991
-1.178493
-1.399819
-1.464764
-1.561401
-1.58842
-1.640376
-1.959634
-2.216548
-2.402285
-2.34384
-2.222012
-2.321766
-2.356838
-2.383857
-2.496859
-2.682596
-2.992762
-3.311501
-3.582961
-3.714667
-3.576213
-3.27047
-3.002652
-2.875369
-2.897712
-2.910184
-2.855376
-2.880577
-2.849927
-2.681861
-2.624195
-2.583155
-2.350926
-2.132724
-2.053497
-2.164941
-2.355614
-2.365228
-2.424199
-2.476415
-2.190933
-1.625162
-0.855473
-0.181378
0.172423
0.288796
0.130074
-0.295688
-0.769508
-1.228781
-1.609084
-1.674029
-1.648575
-1.500251
-1.104108
-0.845122
-0.527689
-0.207658
0.076525
0.480201
0.485913
0.480195
0.54929
0.314197
0.108198
-0.160925
-0.310294
-0.341729
-0.506166
-0.599425
-0.783864
-1.023633
-1.217682
-1.535642
-1.748914
-1.818275
-1.941149
-2.007133
-2.012591
-2.018049
-1.954409
-1.894925
-1.973638
-2.145088
-2.385377
-2.615274
-2.769839
-3.005452
-3.310942
-3.672023
-4.034142
-4.215983
-4.422502
-4.589795
-4.494723
-4.478881
-4.482261
-4.487719
-4.55734
-4.341476
-4.086127
-3.911306
-3.693624
-3.529713
-3.305017
-3.150978
-3.181893
-3.135138
-2.985515
-2.72653
-2.401823
-2.165177
-1.737862
-1.226902
-0.886609
-0.69854
-0.760888
-0.819079
-0.773882
-0.587112
-0.096414
0.587552
1.266323
1.642983
1.73286
1.691034
1.563225
1.504255
1.586078
1.810774
2.231595
2.856074
3.513024
4.132568
4.696001
5.065128
5.245664
5.297874
5.308781
5.425154
5.58309
5.678162
5.800769
5.941301
6.073
6.18106
6.135338
5.999216
5.905957
5.896862
5.948033
5.952965
5.935038
5.830868
5.418613
4.920116
4.517212
4.067291
3.72907
3.540476
3.433708
3.43916
3.535791
3.655021
3.721518
3.927511
4.303392
4.803183
5.470004
6.022008
6.304372
6.423862
6.401779
6.280205
5.960947
5.412573
4.926025
4.698205
4.718984
4.724176
4.667803
4.692998
4.646236
4.473747
4.22151
3.927969
3.637025
3.330496
3.070465
3.015651
3.19281
3.406596
3.47699
3.389445
3.274105
3.292285
3.240329
2.844959
2.218396
1.355963
0.411444
-0.383969
-1.156522
-1.886213
-2.397699
-2.586813
-2.659811
-2.86555
-3.135712
-3.333659
-3.433932
-3.476537
-3.580707
-3.823333
-3.870874
-3.665141
-3.433171
-3.1586
-2.899095
-2.411773
-1.613769
-0.901489
-0.340393
0.090299
0.328763
0.474489
0.467473
0.259915
0.03781
-0.277551
-0.676298
-0.844631
-0.891912
-0.909319
-0.743331
-0.585395
-0.411613
-0.151848
-0.07548
-0.051324
-0.07055
-0.250313
-0.423062
-0.599707
-0.686992
-0.814801
-0.972223
-1.01353
-1.134585
-1.126795
-1.080299
-1.091213
-1.158236
-1.423722
-1.624266
-1.962487
-2.511639
-2.957924
-3.252504
-3.30472
-3.153538
-2.89715
-2.674532
-2.675834
-2.795071
-3.005486
-3.305002
-3.610751
-4.043788
-4.551637
-5.085463
-5.558764
-5.849187
-5.963488
-5.898549
-5.762174
-5.473056
-4.994047
-4.344111
-3.47467
-2.5273
-1.586164
-0.849985
-0.446568
-0.241095
-0.261879
-0.406054
-0.541915
-0.566077
-0.38658
-0.242153
-0.041875
0.289846
0.602344
0.869901
1.059009
1.286823
1.417483
1.533077
1.751019
1.873886
1.998312
2.100917
2.208458
2.279891
2.253391
2.271572
2.232863
2.171555
2.094661
1.922951
1.751501
1.588364
1.355349
1.228579
1.281309
1.17532
0.985686
0.786961
0.642527
0.721493
0.734219
0.649012
0.438337
0.086348
-0.208751
-0.528009
-0.874803
-1.042356
-1.021318
-0.998721
-0.812211
-0.406716
-0.023562
0.358034
0.681962
0.827688
0.932372
1.128493
1.390077
1.659713
1.7153
1.545928
1.373179
1.048207
0.69388
0.462943
0.150959
-0.117644
-0.285717
-0.398719
-0.482628
-0.500295
-0.417952
-0.398992
-0.412503
-0.558755
-0.776444
-0.922956
-1.127397
-1.318849
-1.492377
-1.750589
-2.181807
-2.725764
-3.365835
-4.004088
-4.488818
-4.888604
-5.097201
-5.330995
-5.700129
-5.948989
-6.13083
-6.191879
-6.142006
-6.105122
-6.014726
-5.832892
-5.500132
-5.129446
-4.896957
-4.708629
-4.589658
-4.661357
-4.901126
-5.351047
-5.889549
-6.175297
-6.234267
-6.147768
-5.794227
-5.238586
-4.675153
-4.102368
-3.444379
-2.951342
-2.611309
-2.379859
-2.47182
-2.678339
-2.823032
-2.877067
-2.749264
-2.529764
-2.202979
-1.691759
-1.128845
-0.618664
-0.226677
0.081665
0.252849
0.18089
0.029182
-0.052128
0.076194
0.484806
1.087204
1.632714
1.978981
2.194066
2.319531
2.430709
2.552277
2.789182
3.186364
3.544581
3.702777
3.709527
3.645881
3.631591
3.655486
3.520664
3.371814
3.381162
3.56975
3.872637
4.138636
4.32073
4.455027
4.570101
4.6353
4.666988
4.652958
4.709584
4.915057
5.21067
5.564211
5.689676
5.422112
4.836332
4.059104
3.248884
2.359696
1.443231
0.718476
0.277906
0.152695
0.215556
0.380505
0.646245
0.744693
0.746509
0.849374
0.831706
0.784426
0.904695
1.105752
1.325253
1.505269
1.611511
1.544488
1.268611
1.002865
0.844144
0.822321
0.89739
0.875827
0.735549
0.524354
0.31264
0.202236
0.248731
0.435501
0.615517
0.797092
1.117123
1.527553
1.800826
1.937461
2.067861
2.094874
2.09539
2.055902
1.812757
1.601302
1.669099
1.862363
1.98523
1.944703
1.696881
1.41529
1.079147
0.573116
0.064487
-0.351664
-0.757425
-1.218776
-1.59778
-1.761957
-1.783261
-1.745857
-1.714948
-1.699884
-1.702485
-1.643521
-1.522992
-1.566376
-1.573133
-1.410781
-1.148419
-0.502379
0.226527
0.809702
1.244291
1.13051
0.763195
0.235083
-0.4585
-0.907382
-1.264047
-1.533689
-1.695527
-1.706701
-1.328222
-0.706341
-0.060561
0.529369
1.065787
1.465567
1.671819
1.606614
1.409967
1.408665
1.520622
1.744279
1.970274
2.09444
2.321474
2.466162
2.577859
2.789307
2.979713
3.291172
3.535611
3.524697
3.287786
2.845658
2.340925
1.829959
1.520053
1.245735
0.947778
0.96388
1.143117
1.390932
1.532763
1.416383
1.309875
1.395856
1.394554
1.194269
1.050095
0.778894
0.595495
0.684333
0.809018
1.096578
1.444664
1.782879
1.938217
1.803134
1.680261
1.379187
0.864583
0.543247
0.34634
0.162162
0.13852
0.287364
0.524529
0.689478
0.88534
1.030547
0.838835
0.420866
-0.127767
-0.570155
-0.938249
-1.269716
-1.322972
-1.199326
-0.885009
-0.470423
-0.227024
-0.221052
-0.363408
-0.609151
-0.952828
-1.358069
-1.846955
-2.379742
-2.961625
-3.403494
-3.647159
-3.812375
-3.784323
-3.739126
-3.741987
-3.625354
-3.389488
-3.113618
-2.984776
-3.056994
-3.105314
-3.061157
-3.005829
-2.792823
-2.555918
-2.415906
-2.283167
-2.119257
-1.889106
-1.785202
-1.758449
-1.806509
-1.958996
-2.16993
-2.427104
-2.527118
-2.446333
-2.081622
-1.641838
-1.369864
-1.269337
-1.374286
-1.468066
-1.598212
-1.685757
-1.739013
-1.848118
-1.758242
-1.597968
-1.326774
-1.022848
-0.988042
-1.031687
-1.229373
-1.581621
-1.939585
-2.256245
-2.31002
-2.234171
-2.185078
-2.363801
-2.768783
-3.063622
-3.367034
-3.560305
-3.472506
-3.213001
-2.771399
-2.307976
-1.855463
-1.442176
-1.140069
-0.868614
-0.673532
-0.591968
-0.561838
-0.346493
0.109396
0.54918
0.891811
1.10222
1.162743
1.116501
0.983497
0.826334
0.698005
0.573574
0.458493
0.577724
0.821902
1.014387
1.299609
1.468196
1.652368
1.98279
2.010841
1.870304
1.849779
1.861206
1.882504
1.982771
2.26046
2.650368
2.952735
3.052483
3.033517
3.088065
3.196904
3.191446
3.018178
2.746717
2.446682
2.125866
1.768162
1.467088
1.28265
1.116655
0.957414
0.769339
0.592434
0.620486
0.777642
0.941033
1.204695
1.535116
1.788127
1.931516
1.931772
1.773311
1.599004
1.522369
1.432486
1.307015
1.206742
0.993989
0.714735
0.570561
0.461974
0.302214
0.126608
0.072833
0.299607
0.576257
0.795498
1.004608
1.100979
1.111886
1.094998
1.177861
1.281245
1.257603
1.147978
0.952629
0.748709
0.454388
0.107595
-0.140746
-0.368826
-0.513
-0.50495
-0.342598
-0.096082
0.128095
0.400848
0.673601
0.893362
1.110525
1.206896
1.200918
1.162209
1.062975
0.921918
0.757741
0.617464
0.53901
0.507316
0.399769
0.310665
0.35716
0.438984
0.475608
0.344163
0.08595
-0.232268
-0.564775
-0.804024
-0.918844
-0.980932
-1.112897
-1.177842
-1.081472
-0.939901
-0.833399
-0.817816
-0.782231
-0.654169
-0.517015
-0.309723
-0.061907
0.08278
0.12382
0.040951
-0.083481
-0.159855
-0.196746
-0.084529
0.19342
0.519165
0.780229
0.992976
1.327034
1.779547
2.08581
2.185039
2.288423
2.363493
2.336734
2.249708
2.045787
1.881611
1.802898
1.656905
1.598455
1.593776
1.562081
1.501032
1.266978
1.088515
1.004866
0.92979
0.886406
0.694954
0.529478
0.406865
0.201645
0.025779
-0.205677
-0.420508
-0.459996
-0.464675
-0.508319
-0.431171
-0.23479
-0.006977
0.190704
0.333053
0.366301
0.215113
0.066522
-0.054273
-0.174029
-0.292227
-0.461079
-0.617722
-0.84736
-1.211038
-1.661998
-2.048536
-2.392992
-2.81252
-3.160092
-3.398822
-3.528709
-3.570275
-3.58015
-3.498326
-3.361431
-3.133098
-2.828394
-2.669679
-2.613832
-2.647345
-2.814898
-2.885818
-2.86426
-2.743731
-2.3572
-1.845979
-1.336578
-0.807953
-0.446619
-0.170229
0.163829
0.322285
0.486715
0.721542
0.908572
1.046246
1.027279
1.042603
1.070135
0.980772
0.877121
0.824385
0.901793
1.068041
1.087521
0.948022
0.896845
0.949575
1.068805
1.289085
1.491701
1.563394
1.487279
1.239457
0.847204
0.455471
0.165567
-0.088489
-0.222532
-0.297609
-0.512699
-0.665706
-0.784942
-0.816378
-0.67195
-0.680785
-0.752224
-0.739499
-0.746775
-0.782886
-0.918748
-1.073832
-1.167872
-1.418031
-1.796776
-2.210849
-2.608817
-2.86625
-3.094589
-3.209409
-3.237467
-3.36112
-3.347615
-3.251504
-3.231505
-3.013303
-2.78497
-2.757178
-2.731984
-2.927073
-3.304259
-3.543508
-3.647419
-3.435971
-2.937739
-2.441066
-1.921273
-1.550068
-1.332645
-1.198348
-1.391359
-1.518129
-1.440721
-1.458129
-1.48307
-1.528272
-1.437876
-1.136029
-0.837818
-0.464275
0.001745
0.480754
0.995611
1.344217
1.527869
1.646061
1.596702
1.51643
1.461616
1.371733
1.287046
1.204956
1.097409
1.016878
0.91037
0.747492
0.70177
0.534476
0.228207
0.056237
-0.133136
-0.217564
-0.153924
-0.119898
0.034142
0.286373
0.472624
0.526393
0.448719
0.329742
0.134134
-0.116286
-0.353717
-0.614787
-0.743115
-0.764679
-0.813778
-0.846252
-0.9312
-0.896134
-0.643643
-0.397386
-0.178664
-0.050602
-0.064892
-0.086976
-0.106721
-0.09997
-0.033473
0.128619
0.40475
0.576713
0.58762
0.529689
0.473835
0.443699
0.353816
0.309653
0.409401
0.620329
0.87282
1.051278
1.212071
1.393905
1.567687
1.700945
1.843035
2.049028
2.157348
2.363341
2.621027
2.803641
3.085486
3.157699
3.182373
3.256664
3.287054
3.403167
3.375628
3.378223
3.343411
3.132216
2.935309
2.618909
2.307704
2.032866
1.614377
1.217448
0.864421
0.48074
0.212397
0.027179
-0.025037
0.042499
-0.040629
-0.115706
-0.098824
-0.069213
0.02404
0.120931
0.18509
0.223793
0.313929
0.373413
0.415752
0.426919
0.373144
0.425094
0.41522
0.436258
0.460153
0.369491
0.345849
0.221677
0.176215
0.23336
0.221408
0.258292
0.213349
0.239063
0.369983
0.393878
0.491548
0.580645
0.562978
0.654933
0.722989
0.728441
0.793639
0.728175
0.556465
0.361896
0.046015
-0.252721
-0.383388
-0.381313
-0.358976
-0.449118
-0.65252
-0.780848
-0.758771
-0.683701
-0.536156
-0.317175
-0.133782
-0.063907
-0.0091
0.146498
0.382105
0.797211
1.198289
1.35077
1.486885
1.484544
1.318549
1.184246
0.974351
0.856673
0.798741
0.826014
0.996419
1.007326
1.084214
1.19721
1.10395
1.024458
0.837422
0.541283
0.48543
0.439188
0.223058
0.063818
-0.104775
-0.312592
-0.500408
-0.715758
-0.9189
-1.165423
-1.557156
-1.832773
-2.033836
-2.174114
-2.031245
-1.921366
-1.701606
-1.394823
-1.268319
-1.064664
-0.881791
-0.775549
-0.565919
-0.357328
-0.19134
0.016212
-0.016263
-0.113159
0.012046
0.064256
0.160367
0.317004
0.349732
0.354405
0.349985
0.266337
0.055922
-0.175794
-0.321787
-0.308542
-0.071117
0.186829
0.432047
0.822735
1.243036
1.602812
1.877643
2.105716
2.27742
2.460553
2.653817
2.711483
2.762134
2.592503
2.269868
2.013993
1.62304
1.225851
0.793075
0.424201
0.296392
0.229889
0.162606
0.160524
0.126232
-0.126525
-0.395648
-0.767899
-1.230029
-1.553703
-1.995052
-2.407306
-2.738254
-3.113102
-3.369496
-3.52588
-3.605372
-3.641223
-3.634212
-3.670323
-3.781767
-3.857622
-3.976599
-4.062585
-4.14987
-4.199489
-4.061555
-3.909594
-3.766985
-3.731659
-3.757379
-3.661268
-3.494241
-3.239412
-3.024327
-2.820152
-2.516227
-2.150996
-1.686794
-1.30312
-1.084399
-0.879705
-0.657866
-0.475772
-0.30199
-0.144574
-0.022746
0.233382
0.460416
0.622249
0.93033
1.16282
1.242046
1.212689
0.944605
0.542481
0.235432
-0.025637
-0.176306
-0.118641
-0.030582
0.040591
0.044225
-0.066959
-0.211913
-0.356866
-0.541564
-0.672231
-0.730942
-0.771988
-0.676916
-0.603924
-0.560286
-0.452486
-0.433786
-0.413527
-0.354822
-0.307548
-0.202085
-0.00934
0.325497
0.707873
1.055699
1.402746
1.583021
1.65913
1.77888
1.789528
1.713153
1.687173
1.659115
1.63859
1.583776
1.415703
1.326859
1.307373
1.378027
1.622725
1.770011
1.861186
2.072115
2.307201
2.568005
2.768803
2.895566
3.065971
3.068306
2.978683
2.934519
2.757354
2.631883
2.566419
2.402242
2.301449
2.257286
2.17052
2.027645
1.802423
1.538236
1.236382
0.940244
0.697357
0.480448
0.279385
0.073386
-0.018056
0.037791
0.119095
0.193646
0.312357
0.511076
0.711614
0.886694
0.947477
0.78356
0.537816
0.37338
0.271288
0.140622
0.0045
-0.119932
-0.252157
-0.301516
-0.301519
-0.302821
-0.191123
0.006297
0.198522
0.349444
0.432827
0.533094
0.584785
0.480095
0.26942
-0.032693
-0.377928
-0.820056
-1.340374
-1.741459
-1.968759
-2.095789
-2.264121
-2.416089
-2.426742
-2.326735
-2.204387
-2.169062
-2.117111
-2.051653
-2.051136
-2.02802
-2.068028
-2.165444
-2.309878
-2.476132
-2.497956
-2.435095
-2.34418
-2.23508
-2.065195
-1.905701
-1.869596
-1.807515
-1.685687
-1.47268
-1.23032
-1.028483
-0.804306
-0.665074
-0.599096
-0.569226
-0.586374
-0.575466
-0.454677
-0.251802
-0.160107
-0.074127
0.040168
0.020942
0.037824
0.069512
0.073925
0.052362
-0.070512
-0.179098
-0.333143
-0.425884
-0.369257
-0.24665
0.048183
0.420428
0.734224
0.912682
1.009053
1.010089
0.868772
0.719142
0.532886
0.37858
0.284022
0.201153
0.131012
0.062171
-0.012646
-0.148767
-0.247482
-0.313466
-0.450627
-0.554537
-0.499989
-0.349067
-0.18074
-0.03969
0.070189
0.22215
0.38684
0.468144
0.487364
0.57828
0.684002
0.823235
1.066374
1.219894
1.319122
1.393672
1.316259
1.145588
0.952837
0.809182
0.635654
0.359777
0.114553
-0.134827
-0.351736
-0.511756
-0.706845
-0.837252
-0.984024
-1.213402
-1.490837
-1.80438
-2.014536
-2.157671
-2.328341
-2.497973
-2.586037
-2.581365
-2.506035
-2.321863
-2.124442
-2.049892
-2.030153
-2.015089
-2.05146
-2.016654
-1.976653
-2.052249
-2.097451
-2.031733
-1.867823
-1.679494
-1.477917
-1.207502
-0.89916
-0.542242
-0.159088
0.135746
0.41889
0.733465
1.040768
1.327548
1.495875
1.615365
1.75226
1.877724
1.983707
2.114107
2.201386
2.199305
2.233331
2.194882
2.081101
1.871725
1.707029
1.804699
1.90081
2.000298
2.019257
1.943922
1.972753
1.869622
1.693236
1.464118
1.113428
0.886388
0.717795
0.54063
0.378272
0.311249
0.464249
0.646084
0.745052
0.709201
0.619578
0.551776
0.383962
0.265505
0.215367
0.214584
0.24913
0.206785
0.163661
0.096897
0.063124
0.011687
-0.135345
-0.314328
-0.474088
-0.567088
-0.763736
-1.013636
-1.255483
-1.433687
-1.512659
-1.676316
-1.874003
-2.041296
-2.121048
-2.121311
-2.057671
-1.931427
-1.76336
-1.533209
-1.314487
-1.060178
-0.811063
-0.548181
-0.154376
0.156823
0.378661
0.640245
0.83195
1.032748
1.167564
1.169899
1.19847
1.216131
1.1808
1.044678
0.851148
0.596313
0.286666
0.066899
-0.085068
-0.190017
-0.226388
-0.207688
-0.106641
0.099092
0.211568
0.220138
0.408726
0.614979
0.740703
0.934227
1.131907
1.489345
1.930168
2.164476
2.348908
2.464761
2.383191
2.250966
2.061852
1.874036
1.876891
1.901566
1.847271
1.819213
1.755826
1.712962
1.639184
1.440199
1.24563
1.027162
0.874675
0.891297
1.029231
1.198077
1.243793
1.2547
1.231058
1.125849
1.040382
0.893091
0.70034
0.636174
0.666564
0.740854
0.789687
0.736172
0.700321
0.72006
0.700834
0.611991
0.48652
0.356892
0.273244
0.133226
-0.057447
-0.197984
-0.37411
-0.48945
-0.559331
-0.595442
-0.510241
-0.424781
-0.41725
-0.512069
-0.594418
-0.660403
-0.692097
-0.542994
-0.394409
-0.246864
0.008225
0.175772
0.307211
0.423065
0.386694
0.308501
0.309537
0.384866
0.412918
0.442529
0.507467
0.497333
0.519151
0.506679
0.351075
0.157285
-0.043779
-0.167951
-0.223025
-0.250823
-0.204588
-0.21602
-0.227713
-0.151864
-0.041725
0.073608
0.060097
0.059834
0.171012
0.21413
0.19958
0.244517
0.413623
0.602731
0.697023
0.712347
0.678314
0.648957
0.559853
0.329176
0.071484
-0.181014
-0.469879
-0.693023
-0.914868
-1.093331
-1.227115
-1.499874
-1.688729
-1.736789
-1.641197
-1.438062
-1.380656
-1.366892
-1.304031
-1.254419
-1.225847
-1.215719
-1.19572
-1.128184
-1.041424
-0.970251
-0.90765
-0.78816
-0.699842
-0.715951
-0.706342
-0.633091
-0.495157
-0.367874
-0.285011
-0.320083
-0.418279
-0.480106
-0.61441
-0.724554
-0.893926
-1.098886
-1.145907
-1.214489
-1.337882
-1.404126
-1.387504
-1.267494
-1.133717
-1.101249
-1.140996
-1.19685
-1.203607
-1.154773
-1.160491
-1.180237
-1.138937
-1.048021
-1.033218
-1.099981
-1.076086
-0.995561
-0.867498
-0.72281
-0.722814
-0.820489
-0.848028
-0.858941
-0.948564
-0.992468
-1.015071
-1.128073
-1.30316
-1.441619
-1.423699
-1.26836
-0.995867
-0.730387
-0.552709
-0.34282
-0.199951
-0.138389
-0.049032
-0.00903
0.04344
0.172801
0.3045
0.478801
0.573873
0.457754
0.240585
0.008089
-0.094782
-0.056859
0.001066
0.044964
0.009113
-0.040766
-0.038431
0.002609
0.118982
0.212755
0.275616
0.343153
0.401338
0.536154
0.599275
0.541083
0.590696
0.704471
0.773307
0.759796
0.659002
0.611462
0.644189
0.761861
0.902912
0.982138
1.085263
1.159294
1.116169
1.038236
1.088368
1.181621
1.150706
1.021079
0.818456
0.685452
0.702074
0.762857
0.898712
1.098471
1.242119
1.252507
1.090149
0.920257
0.806996
0.710359
0.664377
0.605926
0.55319
0.617869
0.821004
1.04648
1.264162
1.477429
1.59588
1.606527
1.585223
1.547813
1.446501
1.314795
1.17218
1.045669
1.010857
1.048261
1.072676
1.101507
1.090853
1.025129
0.934727
0.706128
0.489219
0.388166
0.366602
0.408421
0.432317
0.460888
0.493096
0.557256
0.552057
0.417495
0.315662
0.311763
0.347348
0.437225
0.542427
0.49099
0.337205
0.111463
-0.076092
-0.147532
-0.265469
-0.341585
-0.319767
-0.221318
-0.134039
-0.149109
-0.145735
-0.07638
0.034018
0.149092
0.338979
0.538998
0.591208
0.577697
0.445732
0.291426
0.276876
0.20232
0.040481
-0.093043
-0.179289
-0.301123
-0.412047
-0.416206
-0.452317
-0.443748
-0.356469
-0.29153
-0.260621
-0.370766
-0.613652
-0.876021
-1.102541
-1.251391
-1.341274
-1.417389
-1.373492
-1.247507
-1.165424
-1.216341
-1.340773
-1.265963
-1.117899
-1.025424
-1.019972
-1.050628
-0.988547
-0.956598
-0.885165
-0.810095
-0.742559
-0.665411
-0.648529
-0.612424
-0.674252
-0.753744
-0.701794
-0.536585
-0.352412
-0.250586
-0.231107
-0.28696
-0.263324
-0.19319
-0.201506
-0.264373
-0.28256
-0.195281
-0.104365
-0.014488
0.125004
0.286317
0.451006
0.568159
0.636994
0.762978
0.888703
0.950265
0.942209
0.899863
0.886352
0.918301
1.031816
1.101691
1.094414
1.101944
1.104539
1.041672
0.991793
0.951786
0.91022
1.023476
1.12738
1.081658
0.940341
0.736939
0.661603
0.66186
0.558989
0.468587
0.364936
0.280768
0.356877
0.398437
0.297384
0.188798
0.189834
0.323092
0.48986
0.481804
0.23606
-0.038258
-0.242698
-0.403758
-0.499875
-0.581705
-0.684057
-0.8181
-1.004097
-1.179443
-1.318422
-1.459479
-1.590665
-1.698472
-1.811215
-1.913306
-2.021373
-2.238802
-2.466102
-2.513643
-2.465848
-2.370776
-2.204008
-2.019317
-1.882942
-1.914377
-1.9814
-2.01855
-2.119603
-2.156233
-2.132857
-2.030771
-1.894136
-1.866085
-1.813355
-1.67724
-1.482417
-1.32526
-1.218499
-1.122907
-1.127586
-1.134083
-1.116163
-1.164483
-1.252027
-1.191245
-0.991486
-0.82264
-0.630675
-0.491183
-0.432478
-0.357149
-0.291431
-0.246754
-0.252731
-0.31404
-0.31768
-0.222348
-0.194036
-0.190922
-0.116632
-0.101049
-0.101831
-0.009617
0.184427
0.372756
0.480296
0.521596
0.489642
0.501069
0.576658
0.673808
0.773815
0.857717
1.048904
1.247883
1.36997
1.493617
1.535177
1.559072
1.648169
1.782986
1.857276
1.817009
1.882208
1.931301
1.778554
1.64555
1.51852
1.309144
1.105223
0.837659
0.562822
0.34851
0.118612
0.030808
0.115749
0.214198
0.337584
0.468764
0.57059
0.728006
0.948026
1.109859
1.12726
1.105437
1.158166
1.147772
1.047499
0.977878
0.896048
0.74486
0.554447
0.36871
0.260643
0.142965
-0.012119
-0.100444
-0.223577
-0.340735
-0.465167
-0.598951
-0.652466
-0.733517
-0.69975
-0.582598
-0.544415
-0.466488
-0.346218
-0.223611
-0.174778
-0.212967
-0.247259
-0.329349
-0.434558
-0.464954
-0.420277
-0.267277
-0.071415
0.074831
0.182372
0.195617
0.198991
0.240811
0.26003
0.348348
0.457708
0.534076
0.691492
0.892809
1.051525
1.268947
1.595732
1.858354
1.99369
2.109544
2.160195
2.109278
2.046671
1.961464
1.870542
1.806376
1.703765
1.50348
1.228643
1.075636
1.080049
1.073032
1.046273
1.031204
1.030161
0.986258
0.853773
0.765449
0.775317
0.730893
0.577887
0.420464
0.314736
0.254207
0.151595
-0.018556
-0.148443
-0.253652
-0.351068
-0.5207
-0.819436
-1.032189
-1.200262
-1.395091
-1.529134
-1.692531
-1.75358
-1.631752
-1.532004
-1.418749
-1.293803
-1.271986
-1.278483
-1.3307
-1.416166
-1.400583
-1.349412
-1.336427
-1.332793
-1.39644
-1.420601
-1.281628
-1.132265
-1.06317
-1.140064
-1.275147
-1.291515
-1.303468
-1.329707
-1.300876
-1.236717
-1.087873
-0.915909
-0.827072
-0.805254
-0.810713
-0.740838
-0.65278
-0.647848
-0.584987
-0.555117
-0.592267
-0.563955
-0.60604
-0.709431
-0.789183
-0.85257
-0.883485
-0.899854
-0.912845
-0.942981
-0.902201
-0.780892
-0.724266
-0.728945
-0.783499
-0.824546
-0.801429
-0.752077
-0.646094
-0.515434
-0.324248
-0.12475
0.011885
0.197356
0.417117
0.546998
0.509588
0.384896
0.296572
0.246174
0.194217
0.158107
0.085628
0.03497
0.112898
0.227192
0.359671
0.387463
0.3646
0.444346
0.473437
0.460445
0.376018
0.260678
0.281716
0.362241
0.463027
0.586674
0.745129
0.955019
1.164388
1.342846
1.458959
1.545978
1.612476
1.564935
1.445958
1.29503
1.095785
1.002785
1.039929
1.041484
0.976799
0.923803
0.881458
0.814175
0.712083
0.571026
0.444256
0.379311
0.38762
0.420608
0.438788
0.439564
0.37358
0.207845
-0.037898
-0.243638
-0.350925
-0.430677
-0.493284
-0.496404
-0.404969
-0.218978
-0.048054
-0.058968
-0.196388
-0.311208
-0.291209
-0.115869
0.032715
0.139217
0.218703
0.246235
0.254025
0.180767
0.123355
0.04776
-0.096415
-0.147072
-0.080055
0.069048
0.202046
0.303353
0.386995
0.437906
0.432968
0.318926
0.202028
0.03967
-0.178798
-0.410255
-0.668727
-0.853165
-1.03033
-1.19009
-1.326731
-1.425187
-1.434282
-1.448312
-1.435846
-1.408834
-1.314021
-1.196869
-1.175571
-1.216618
-1.304422
-1.354821
-1.435092
-1.556407
-1.626547
-1.553296
-1.368604
-1.2873
-1.145989
-0.908304
-0.747771
-0.610876
-0.508791
-0.419434
-0.291371
-0.119927
0.06996
0.246339
0.429732
0.560912
0.597016
0.571816
0.56428
0.666105
0.740915
0.734418
0.677006
0.558549
0.586081
0.702974
0.769471
0.861686
0.964551
1.05131
1.09261
1.084814
1.027142
1.000123
0.981937
0.868934
0.751516
0.512007
0.161577
-0.028576
-0.106769
-0.167298
-0.183407
-0.19484
-0.266799
-0.38136
-0.478256
-0.547098
-0.553335
-0.478525
-0.404754
-0.369689
-0.261628
-0.045764
0.155553
0.286992
0.350113
0.341537
0.179699
-0.147093
-0.412578
-0.569222
-0.657286
-0.568189
-0.349727
-0.153346
-0.045285
0.027966
0.092126
0.101994
0.059648
0.021719
0.124324
0.30486
0.465913
0.665412
0.790617
0.862569
0.968811
1.004916
0.94049
0.851647
0.910351
1.05348
1.07296
0.997364
0.904884
0.770321
0.475741
0.059849
-0.273696
-0.420987
-0.586723
-0.897668
-1.18939
-1.448642
-1.583205
-1.602431
-1.637762
-1.754141
-2.009496
-2.21082
-2.377074
-2.560733
-2.571127
-2.366693
-2.098356
-2.037053
-2.233961
-2.523605
-2.752723
-2.813772
-2.732208
-2.529592
-2.260476
-2.073446
-1.974218
-1.956037
-2.006955
-2.028259
-2.034236
-1.931631
-1.707455
-1.465614
-1.127659
-0.794639
-0.448112
-0.023395
0.268322
0.417425
0.449633
0.375077
0.352214
0.44313
0.547294
0.618467
0.728346
0.819002
0.813024
0.731713
0.563121
0.33712
0.144109
0.131377
0.385687
0.723902
0.998733
1.218753
1.361363
1.442407
1.492539
1.506304
1.424474
1.242633
1.060013
0.914021
0.802317
0.742568
0.722303
0.792177
0.916863
0.911924
0.760736
0.454207
0.106634
-0.032085
0.023762
0.234171
0.540953
0.757857
0.883581
1.042296
1.241535
1.374533
1.320758
1.133722
0.932399
0.761209
0.724578
0.819131
0.878095
0.899653
0.863801
0.695988
0.491288
0.218788
-0.063063
-0.177624
-0.036833
0.287355
0.484256
0.536985
0.563738
0.611273
0.704526
0.802975
0.992603
1.285618
1.574996
1.650845
1.458094
1.211312
0.980635
0.769181
0.690987
0.758784
0.836971
0.74527
0.440039
0.164682
0.102594
0.264946
0.524451
0.807076
1.059827
1.054628
0.88084
0.72108
0.682371
0.88187
1.154104
1.360876
1.518292
1.611806
1.617258
1.529193
1.391513
1.289421
1.232269
1.079003
0.782085
0.496337
0.349305
0.438143
0.699726
0.97196
1.074046
0.779466
0.382018
0.203034
0.161468
0.256021
0.302516
0.358363
0.554745
0.633451
0.674751
0.693451
0.618635
0.542
0.333404
0.058566
-0.131327
-0.217833
-0.213161
-0.18329
-0.081205
0.079848
0.13102
0.006847
-0.179929
-0.329818
-0.436066
-0.480749
-0.424383
-0.327233
-0.243591
-0.272688
-0.449853
-0.582078
-0.635333
-0.677678
-0.741844
-0.770682
-0.684182
-0.507283
-0.330125
-0.23739
-0.156346
-0.05478
0.064191
0.109387
0.03561
0.011968
0.064958
0.104699
0.056119
-0.040777
-0.116373
-0.103907
-0.007277
0.061039
0.160527
0.16572
-0.036903
-0.264982
-0.435652
-0.457736
-0.330453
-0.168101
-0.058482
-0.105243
-0.335141
-0.74298
-1.086396
-1.136534
-1.025097
-0.922492
-0.932886
-0.949774
-0.888212
-0.820156
-0.788467
-0.832371
-0.869001
-0.95291
-1.14592
-1.299446
-1.418163
-1.490122
-1.512205
-1.530133
-1.545722
-1.646775
-1.777701
-1.923174
-2.082415
-2.189442
-2.22867
-2.183214
-2.184256
-2.23881
-2.289728
-2.370779
-2.503004
-2.722511
-2.987737
-3.202568
-3.284918
-3.299208
-3.315836
-3.301292
-3.230119
-3.071404
-2.910351
-2.823851
-2.696308
-2.504863
-2.286141
-1.959096
-1.6227
-1.416967
-1.365796
-1.374631
-1.287092
-1.129936
-0.97174
-0.879786
-0.839005
-0.759
-0.634054
-0.526254
-0.474303
-0.444693
-0.358453
-0.257147
-0.225978
-0.162078
-0.015832
0.207825
0.477461
0.649944
0.734885
0.818787
0.877232
0.900348
0.969963
1.145822
1.342983
1.475462
1.480654
1.433893
1.457269
1.426613
1.411803
1.466091
1.507911
1.59519
1.653115
1.634149
1.523744
1.434641
1.448925
1.41801
1.343193
1.259025
1.213043
1.205767
1.156927
1.123934
1.066002
0.847794
0.623092
0.515545
0.450859
0.531904
0.676072
0.755818
0.834264
0.840755
0.776849
0.709826
0.706966
0.79892
0.899188
0.986467
1.097904
1.16622
1.142838
1.122573
1.135298
1.153998
1.154515
1.160226
1.198149
1.210615
1.248798
1.252691
1.123584
0.981228
0.900177
0.934723
1.083827
1.278909
1.490617
1.634266
1.612442
1.420211
1.138359
0.891317
0.770522
0.7022
0.620629
0.546333
0.48944
0.506062
0.487616
0.421632
0.434357
0.404481
0.27875
0.026252
-0.317164
-0.519266
-0.446794
-0.204954
-0.087022
-0.105469
-0.105991
-0.059756
-0.018456
-0.001054
0.049337
0.032709
-0.003402
-0.071204
-0.2811
-0.459563
-0.532302
-0.498535
-0.530489
-0.648687
-0.557511
-0.458803
-0.593366
-0.826121
-1.004844
-1.015238
-0.944584
-0.968746
-1.078111
-1.21683
-1.308012
-1.34724
-1.307499
-1.037343
-0.72017
-0.517294
-0.472877
-0.647444
-0.942284
-1.257905
-1.337657
-1.145432
-0.894499
-0.669023
-0.572393
-0.632662
-0.760471
-0.838405
-0.821783
-0.751648
-0.577347
-0.34304
-0.147178
0.038294
0.266367
0.624324
0.838369
0.667179
0.230766
-0.197075
-0.267995
-0.174741
-0.187733
-0.229558
-0.247745
-0.332433
-0.508299
-0.470376
-0.115016
0.125526
0.176697
0.296187
0.346059
0.297739
0.165514
-0.004377
-0.087506
0.116929
0.746343
1.225872
1.362247
1.439135
1.568756
1.792673
1.655512
1.075188
0.734109
0.89802
1.23
1.429499
1.400921
1.133357
0.781628
0.477696
0.290141
0.357677
0.51977
0.645494
0.764205
0.802647
0.86317
0.979283
1.163716
1.420103
1.38659
0.944982
0.573251
0.370888
0.071633
-0.39881
-0.932377
-0.969007
-0.489998
-0.101648
-0.056971
-0.322197
-0.481438
-0.361688
-0.246095
-0.335198
-0.663808
-0.924358
-0.764084
-0.399893
-0.274428
-0.288459
-0.276512
-0.324832
-0.348734
-0.412121
-0.555256
-0.446676
-0.061443
0.333661
0.561474
0.548482
0.459898
0.364041
0.197527
0.082446
0.00737
-0.119659
-0.071086
0.284014
0.635736
0.67366
0.514938
0.499609
0.674689
0.897567
1.121484
1.183306
1.160183
1.404362
1.55996
1.334218
1.147182
1.130294
1.37733
1.704895
1.664108
1.584876
1.703586
1.73008
1.460697
1.122476
1.184558
1.619406
2.080491
2.300511
2.301547
2.291413
2.371159
2.414797
2.218149
1.989291
1.967207
1.918628
1.710291
1.575468
1.630536
1.76743
1.803275
1.647931
1.414396
1.30555
1.200082
1.088378
1.063178
0.987322
1.092006
1.231498
1.19227
1.159796
1.070433
0.894307
0.822608
0.878455
0.730903
0.421776
0.166681
0.003544
-0.185051
-0.570549
-0.90877
-0.993977
-0.97242
-1.09893
-1.230895
-1.028019
-0.73994
-0.630061
-0.575253
-0.621235
-0.761773
-0.741774
-0.560719
-0.626963
-0.954533
-1.032986
-0.843099
-0.748546
-0.836091
-0.932988
-1.004167
