-0.013124
-0.013123
0.014395
0.031281
0.006266
-0.008118
0.00439
0.006892
-0.012494
0.005017
0.006894
0.012523
0.006895
-0.005612
0.010649
0.009398
0.013151
0.003145
0.010025
-0.008111
0.005023
-0.006234
-0.006858
0.00565
2.2e-05
0.005651
0.007528
0.014408
-0.00623
-0.006229
-0.009356
0.017537
0.003153
0.025043
0.013786
-0.004975
0.010035
-0.00685
0.00816
-0.012478
-0.00122
0.011288
-0.003095
0.014416
0.008163
0.01129
0.022548
-0.009347
0.003787
0.003788
-0.002466
-0.015599
0.002538
-0.001839
0.002539
0.0188
0.00942
0.03256
-0.022474
-0.017471
0.018803
0.00567
0.005671
0.018805
0.020056
0.004421
-0.007461
-0.00746
-0.008085
0.001297
0.01443
0.019434
0.006301
-0.009959
-0.018088
0.005678
0.021313
0.001301
0.000676
0.021315
0.018188
-0.024964
0.005056
0.006933
-0.001197
0.014438
0.006309
0.001306
0.008186
0.001307
-0.00995
0.006311
-0.001193
0.008814
0.004437
0.002561
-0.011197
-0.00119
0.012569
0.011319
0.014446
0.005691
0.016949
-0.016197
-0.014945
-0.003062
-0.00056
0.011948
0.01445
0.012575
0.006321
-0.019319
-0.015567
0.046974
0.025085
-0.012438
-0.004933
0.0057
0.020084
0.008202
-0.019315
7.3e-05
0.022588
0.006328
-0.002427
-0.003677
-0.003677
0.005079
0.008832
0.009458
-0.011805
-0.014931
0.008209
0.013838
-0.009926
-0.023059
0.015716
0.02072
0.023222
0.010089
-0.001168
0.002585
-0.012424
0.001336
0.020098
0.009467
-0.003666
0.011969
0.014472
0.005716
0.004466
-0.004289
0.001966
0.011973
0.010722
-0.005538
-0.011166
0.010098
0.01135
-0.010539
0.005097
0.021358
0.002596
0.003222
-0.011787
9.6e-05
0.005725
-0.002404
-0.001153
0.013232
-0.007406
-0.005529
0.03137
0.000726
-0.002401
0.010108
0.009483
-0.001148
0.004481
-0.007401
0.018866
0.026997
-0.001146
-0.002396
-0.004897
0.010113
0.015742
0.005111
-0.010523
-0.001767
-0.001141
0.007615
0.008866
0.003238
0.010743
-0.01052
-0.007392
0.00324
0.008869
0.013873
-0.013019
0.013874
0.032637
0.008247
-0.016144
-0.025524
0.010124
0.00262
-0.016141
-0.00676
0.006999
0.024511
0.024512
0.031392
0.02076
-0.008633
-0.01301
-0.00613
-0.006755
0.005128
0.00763
0.021389
0.015136
-0.014883
0.00388
0.007007
0.002005
0.005758
-0.019883
-0.001121
0.004508
0.009512
0.038906
-0.007998
-0.000493
0.006387
0.008889
0.00201
-0.014875
0.011392
0.010142
-0.006118
0.002013
0.022652
0.005766
-0.016122
-0.006115
0.034536
0.02328
-0.012993
-0.010491
0.020154
0.013901
-0.029251
-0.016743
0.035791
0.033916
-0.016741
-0.027372
0.004524
0.022035
0.003274
-0.001103
0.020786
0.014533
-0.006105
-0.004228
0.007655
0.008906
0.00703
-0.005477
0.010159
0.00453
-0.018609
0.003906
0.013288
0.020168
0.003908
-0.004847
0.008912
-0.008599
-0.007347
0.010164
0.012041
0.008289
0.007664
0.0233
-0.006719
-0.00922
-0.004842
0.002664
0.013296
-0.002338
0.012672
0.006418
0.008295
-0.006089
0.004544
0.008297
-0.002335
0.009548
0.013927
0.014553
-0.002958
-0.003583
-0.001706
0.000796
0.017057
0.007051
0.006426
-0.006707
-0.007957
0.013307
0.001425
0.010181
0.012683
0.011433
0.008932
-0.001699
0.000803
-0.001698
0.00268
0.019566
0.015814
-0.002947
-0.020458
-0.008574
0.009563
0.002684
0.001433
0.01019
0.011441
0.002686
0.009566
0.019573
0.015195
-0.019826
-0.009819
0.013321
0.002064
0.013947
0.006443
-0.002312
-0.015445
-0.006063
0.016451
0.02083
0.002068
-0.002309
0.004571
0.000194
0.005197
0.004573
0.024586
0.004574
0.000822
-0.003556
-0.001053
0.014582
0.0027
-0.002928
0.011457
0.005203
-0.00793
0.002703
0.003329
0.013336
0.003955
0.005206
0.020216
0.00208
-0.013554
0.001456
0.001457
0.011464
0.003334
0.011465
0.012091
0.00271
0.003961
-0.002917
0.025226
0.00709
-0.016675
-0.008544
0.009593
0.007717
0.005216
0.020852
0.009595
-0.001661
-0.017296
-0.001035
0.001467
-0.002285
0.004595
0.000218
0.020857
-0.001657
-0.001031
0.010852
0.0071
0.008977
0.004599
0.013356
0.015232
0.006477
0.000849
-0.000401
-0.002277
0.003978
0.010232
0.012109
-0.007278
-0.004776
0.019615
0.010235
-0.001647
-0.007275
-0.004773
0.005859
0.00586
0.007736
0.013991
-0.001644
-0.000392
0.010866
0.015244
-0.004143
-0.002266
0.012118
0.000236
0.007742
0.008993
0.011495
0.013997
0.003366
-0.010392
0.003992
-0.00101
0.002117
-0.007263
0.013376
0.005871
0.002119
0.024009
0.009625
-0.006009
-0.013513
0.024011
0.008377
0.01338
-0.015388
0.00275
0.011506
0.002751
0.015259
0.004628
0.005879
-0.004752
0.003379
-0.006002
-0.011004
-0.004125
0.022143
0.000254
-0.002247
0.005884
0.019643
-0.000994
-0.004121
0.014642
0.005887
0.001509
0.008389
0.01652
0.005889
0.006515
-0.017875
0.024027
0.00464
-0.019125
0.005266
0.008394
0.011521
0.000265
0.022154
0.000266
-0.004737
0.007146
0.001518
0.002144
-0.00536
0.008399
0.015905
-0.000981
-0.00911
0.000271
0.02091
0.009653
-0.005981
0.009654
0.001525
-0.004103
-0.001601
-0.002852
0.019038
-0.002851
0.004655
0.015912
0.000278
0.006532
-0.000972
0.011537
-0.008475
-0.004097
-0.00097
0.015291
0.014666
-0.005346
0.004661
0.013417
0.013418
0.002161
0.001536
-0.005343
0.007791
0.004665
0.007792
0.000913
-0.000337
0.000914
0.007169
-0.003462
-0.004087
-0.004712
0.01405
0.026559
-0.000333
0.005922
0.007799
0.000294
-0.002207
0.000295
-0.00158
0.007801
-0.010335
0.009678
0.009054
0.014683
-0.000326
-0.000326
0.02344
-0.002826
0.001552
0.010308
0.019064
0.007182
-0.004075
-0.00595
0.00093
-0.000946
-0.001571
-0.00845
-0.004071
0.015317
0.024073
0.000308
-0.000942
0.015319
0.019072
-0.001566
-0.024705
0.005314
0.010943
0.027204
0.006567
-0.000312
-0.005315
-0.014695
0.012823
0.013449
0.020329
-0.020322
-0.013442
0.029086
0.015328
0.004071
-0.025322
0.00157
0.037844
0.011578
-0.010936
-0.016564
0.024087
-0.009058
-0.008432
0.03347
0.014083
-0.000926
-0.028443
0.002202
0.014711
0.010959
0.005331
-0.00405
0.020967
0.010335
-0.000921
0.007835
-0.015304
0.002207
0.010338
0.015342
0.012841
-0.027184
0.017845
0.021598
0.012217
-0.011547
-0.017801
0.025978
0.003464
0.011595
-0.010294
-0.011544
0.025355
0.010971
0.021604
0.002842
-0.017795
0.003469
-0.004661
0.024108
0.00347
-0.016542
0.015979
-0.000281
0.032866
-0.009035
-0.021543
0.015982
-0.007783
0.027866
0.019736
-0.004654
-0.002152
-0.020288
0.024116
0.015986
-0.007153
0.005355
-0.019035
0.024118
0.010986
-0.018408
0.024745
0.001606
-0.010276
0.022245
0.006611
0.019745
-0.014026
-0.006521
0.021623
-0.002767
0.014119
-0.003392
0.005364
0.011619
-0.013397
0.013496
0.012871
-0.02903
0.021628
0.010371
0.005369
-0.00839
-0.020272
0.067285
0.017253
-0.022146
0.014127
-0.001507
0.003497
-0.026522
0.004748
0.056032
-0.032149
-0.022142
0.01163
0.012256
0.014758
-0.015261
0.011007
0.037274
-0.000875
-0.007754
0.009133
0.004755
0.013511
-0.002748
0.011011
0.011637
-0.016506
-0.009626
0.002883
0.006636
0.011014
0.012265
0.017894
-0.005245
-0.007746
0.014769
-0.007119
0.001011
0.017272
0.019774
0.019775
0.005391
-0.008992
-0.002113
0.003517
0.007895
0.006019
-0.013368
0.007897
0.003519
0.004145
0.004146
-0.015867
0.021033
0.01603
-0.003982
0.017907
-0.012737
-0.002105
0.02854
0.000398
0.010405
0.016034
-0.001477
-0.012733
0.005404
0.004779
-0.01023
0.014786
0.014162
0.016038
0.007909
-0.020859
-0.004598
0.009786
-0.006473
0.015416
0.026674
0.001658
-0.005221
-0.003969
0.000409
0.00854
-0.000841
0.002287
0.025427
0.016047
-0.006467
-0.010844
0.007293
-0.000837
-0.010217
0.017301
0.02293
-0.000209
0.001042
-0.000208
-0.000833
0.00292
-0.000832
0.007298
0.013553
0.012928
-0.001456
-0.006458
-0.010835
0.015432
0.008553
0.011055
0.022313
-0.002077
0.009806
0.00793
-0.002076
-0.016459
0.006681
0.022316
-0.001448
0.010435
-0.009577
-0.008326
0.017941
-0.005823
0.005434
0.008562
0.002308
0.001058
0.012941
0.009189
0.00106
0.005438
0.011693
0.017322
-0.008319
-0.008944
0.005441
0.017324
0.00982
-0.027704
-0.005189
0.019202
-0.003312
0.021079
0.017953
0.005445
-0.009564
0.005447
0.024209
0.007949
0.015454
-0.003932
-0.012687
-0.008309
-0.01081
0.025463
0.006702
-0.002053
0.016084
0.0017
0.001701
-0.002051
0.011083
0.001077
0.008582
-0.000173
0.021091
0.011711
-0.002047
0.006083
0.003582
0.002332
-0.018931
0.010463
0.019845
0.001083
-0.014551
0.002961
0.010466
0.014219
-0.003292
0.012344
0.025478
-0.005792
-0.007042
0.007968
0.012346
-0.00579
-0.004538
0.011097
0.011098
0.001717
-0.005787
0.002344
0.001093
-0.000157
0.022358
0.005473
-0.00766
-0.005783
0.016106
0.033618
0.002348
-0.00453
-0.005155
0.006728
0.020487
0.002351
-0.003902
0.002352
0.00673
0.003604
0.011735
0.00423
-0.014531
-0.017032
0.01674
0.022369
0.004858
0.002357
0.004234
0.006736
0.000483
0.015493
0.012992
0.007364
-0.002642
-0.003892
0.001111
-0.016399
0.003614
0.032383
0.001113
0.012371
0.005492
-0.001387
-0.007015
-0.003887
0.00612
0.008622
0.024257
0.00362
0.004246
-0.018268
0.000494
0.022384
0.011753
-0.015764
-0.00138
0.01363
0.014256
0.005501
0.004251
0.01676
-0.011383
-0.002627
0.016761
0.011758
-0.003876
-0.005126
0.008633
0.023643
-0.010753
-0.020759
0.014264
0.018017
0.004258
-0.004497
-0.001369
0.021771
0.003635
-0.010123
0.013017
0.023649
0.004888
-0.006994
0.015521
0.017398
-0.00324
-0.008243
0.014272
0.006142
-0.014495
-0.000736
0.019903
0.011773
-0.00949
-0.00261
0.013651
0.000518
-0.005735
0.010526
0.027412
0.009276
-0.005108
0.008026
0.008027
-0.000728
-0.005106
0.007403
0.009279
0.008655
0.013033
0.004903
0.003028
-0.018235
0.001152
0.021166
0.001153
0.002405
-0.011353
0.014914
0.003657
0.001782
0.011163
0.010538
0.023672
-0.015102
-0.000717
0.014293
0.00929
-0.003217
0.002412
0.019923
-0.00947
-0.005717
0.013671
0.014297
0.014923
-0.003213
-0.003213
0.003042
0.001166
-0.013218
0.005545
0.013676
-0.005711
0.011175
0.021807
0.013052
-0.003207
-8e-05
0.01493
0.00555
0.006176
0.016808
-0.001328
-7.7e-05
0.003051
0.006804
-0.000701
0.006179
0.007431
0.01306
-0.0032
-0.007577
0.011811
0.008059
-0.008827
-0.005699
0.020568
0.009937
0.017442
0.008062
0.006812
0.000558
-0.000692
0.004312
0.01682
-0.001316
-0.003817
0.010568
0.00494
-0.008819
0.01182
0.017449
0.001815
0.006193
-0.00694
0.014324
0.012449
0.000567
-0.008814
0.01245
0.014952
-0.003809
-0.005685
0.024335
0.00745
-0.007559
0.005574
0.000572
0.016207
0.001824
-0.005055
0.016834
0.000574
-0.00693
0.003077
0.004954
0.01371
0.004955
0.021216
0.011835
-0.010679
0.003706
0.009335
-0.009426
0.009336
0.004334
0.008712
-0.003795
0.001834
0.013091
-0.001292
0.008089
-4e-05
0.014344
-0.00817
0.001212
0.026228
0.009969
-0.003164
0.008719
0.004342
0.009345
-0.004413
-3.5e-05
0.01435
-0.012542
0.004345
0.013726
0.016854
-0.001908
-0.008787
0.007474
0.006849
0.001221
-2.9e-05
0.018734
0.008102
0.004351
-0.005655
-0.001277
0.011231
-0.005028
-0.00065
0.004354
0.020615
0.008733
0.009984
0.003105
-0.008777
0.011862
-0.001897
0.014364
0.01499
-0.003146
-0.010025
-0.005646
0.008113
0.006237
0.009365
-0.006895
0.024375
0.00749
-0.002516
0.003739
-0.005642
0.015622
0.011871
0.000614
-0.008767
0.011247
0.011873
0.006245
0.001867
0.009373
0.004995
0.003745
0.01
0.00187
-0.011888
-0.008761
-0.006259
0.026263
0.006876
-0.010635
0.018759
0.008754
0.035021
-0.004379
-0.005629
0.02314
-0.005628
-0.003126
-0.010005
0.015637
0.01126
-0.011879
0.010636
-0.0075
0.0319
-0.013128
-0.015629
0.038156
-0.011876
0.025649
0.011891
-0.023131
0.015019
-0.011248
-0.002491
0.020649
-0.003116
0.008767
0.001263
0.013146
1.3e-05
0.014398
0.012522
0.003767
0.006269
-0.011241
0.014401
0.009398
0.003144
-0.003734
0.003146
0.020032
0.002521
-0.00811
0.006275
0.003148
0.007526
-0.004356
0.016909
0.004401
0.010656
0.026916
-0.019988
0.008156
-0.008104
-0.011856
0.02004
-0.009979
0.00378
0.01754
-0.001847
0.008785
-0.003097
0.018167
0.007536
-0.005597
0.020045
0.015042
-0.006221
-0.016852
0.021298
0.023175
-0.007469
-0.004967
0.011919
0.008167
-0.003089
-0.009343
0.034435
-0.00684
-0.022475
0.012548
0.000666
0.017552
-0.009965
0.02756
0.025059
-0.006836
-0.004959
0.013178
0.026312
-0.013713
-0.004332
0.026939
0.014431
-0.016838
-0.000577
0.000674
-0.002453
0.002551
0.016311
0.019438
-0.004952
5.2e-05
0.008182
0.018189
-0.001823
0.003806
0.02382
0.003807
0.001306
0.001307
-0.001194
0.007562
0.008188
-0.002444
0.005062
5.9e-05
0.00131
0.006314
-0.006193
0.001312
0.010694
0.021326
0.017574
-0.004314
-0.001187
0.014449
0.011322
0.006945
-0.001185
0.011324
-0.001809
-0.014317
0.003195
-0.004935
0.010075
0.009451
0.005699
0.010077
0.0057
0.006326
0.01946
0.008203
-0.011184
0.011956
0.007579
0.009456
-0.007429
-0.003676
0.00633
0.000702
0.013211
0.00258
0.008209
0.003206
0.010086
0.005083
0.013839
-0.00117
-0.004921
0.008838
0.001959
0.015093
-0.00617
0.011342
0.017596
-0.003042
0.000711
-0.005542
0.00509
0.010719
-0.00429
0.011346
0.012597
0.011347
0.00822
0.003218
0.003844
0.001968
-0.005536
-0.00491
0.021357
0.002595
-0.001156
-0.005534
-0.005533
0.007601
0.002598
0.023237
0.016358
0.008228
-0.001778
-0.011158
-0.001151
0.006354
0.026993
0.017612
0.000727
0.001353
0.003855
-0.0049
-0.010528
0.011362
0.015114
-0.003022
0.011989
0.008237
0.006361
-0.003645
-0.003644
0.027001
0.005112
-0.011148
-0.004268
0.01512
0.004489
-0.004891
-0.001139
0.016373
-0.001763
0.00199
0.018251
-0.004263
-0.002386
-0.005513
0.022005
-0.004261
0.014502
0.016378
-0.002383
0.011376
-0.012388
0.003247
0.003248
0.007626
0.003874
0.008252
-0.006131
0.001374
0.015133
-0.001126
0.009506
0.010132
-0.00175
-0.008629
0.003254
0.008883
0.01889
0.005757
0.002005
0.022019
-0.004873
-0.014879
0.025147
-0.001744
-0.004871
0.004511
0.013892
0.011391
-0.011748
0.009516
0.00764
-0.009245
-0.014873
0.023277
0.016398
0.017649
0.002015
0.003892
0.018276
-0.011742
-0.004237
0.012024
-0.000484
-0.001109
0.022032
0.005147
0.004522
-0.003608
-0.002982
0.011403
0.012654
0.022661
0.005776
-0.016738
-0.007357
0.005152
0.013283
0.005153
0.003903
-0.002976
0.002027
0.015787
0.008908
0.013286
-0.004224
-0.006726
0.009535
0.01579
0.005784
0.015166
-0.000469
-0.008599
-0.001093
-0.006721
0.010165
0.002661
0.003912
0.007665
0.008291
-0.005467
0.001413
0.015797
-0.006717
0.005792
0.026431
0.021428
-0.010467
0.000791
0.017677
0.001417
-0.003585
0.002669
0.0108
0.005797
0.005798
0.000795
0.000796
-0.007334
0.000171
0.003299
0.018934
0.014557
-0.011084
0.009555
0.008305
0.002677
0.002677
0.005179
0.008307
0.007682
0.005806
0.009559
0.006433
0.013938
-0.012328
0.012688
0.010813
-0.019832
0.019569
0.002684
0.003935
-0.005445
0.003936
0.012067
0.004563
-0.003567
0.012069
0.019574
0.012695
-0.002939
0.00269
0.013947
-0.028579
0.013948
0.011447
-0.006689
0.002067
-0.012942
0.000818
0.015828
0.008324
0.005822
0.025836
0.015205
-0.012938
0.015831
-0.005432
-0.007308
0.015207
-0.000427
0.020211
0.021463
-0.018562
-0.021063
0.022715
-0.009805
0.010208
0.020215
0.013336
0.018965
-0.005425
-0.015431
0.012088
-0.007299
0.002708
0.024597
-0.014803
0.012716
-0.00417
0.003336
0.007714
-0.006044
-0.006669
0.039611
0.006465
-0.027931
0.016473
0.007092
0.004591
0.006468
0.013973
0.00772
-0.006664
0.000216
0.030861
0.004595
-0.017294
-0.000407
0.015854
0.008975
-0.011037
-0.00791
0.029614
0.001472
-0.013537
0.016483
0.014607
0.019611
-0.01416
0.006478
0.020238
-0.014159
-0.00853
0.000852
0.020865
-0.002274
-0.006651
0.012111
0.010861
0.020868
-0.011652
0.014615
-0.003521
-0.009775
0.013991
-0.00352
0.010865
0.00211
-0.004143
0.012118
0.020874
0.015246
-0.007894
-0.004766
0.019625
-0.001013
0.012121
-0.008516
0.003367
-0.001011
-0.002261
0.017752
-0.01039
0.002119
0.016503
0.019005
-0.009137
-0.001632
0.009001
0.017757
-0.003506
0.009002
-0.006007
-0.002254
0.005877
0.006503
0.044652
-0.024766
-0.010382
0.010883
0.007756
0.025893
-0.008503
-0.000373
-0.002248
-0.009752
0.029023
0.002131
0.009011
-0.005998
0.012765
0.010889
-0.007247
0.015893
-0.017253
0.020272
0.002761
0.021524
0.020274
-0.016624
0.005265
0.007767
0.017149
-0.007241
-0.005365
0.015899
-0.012868
0.022154
0.007145
-0.005987
0.009023
-0.024748
0.003395
0.014027
0.015279
0.00027
-0.000981
0.009652
-0.012862
0.009027
0.024038
-0.001603
0.012781
0.000899
0.002776
0.002777
-0.004728
0.004654
-0.000974
0.005906
0.013411
0.017164
-0.002223
-0.0066
-0.010977
0.011537
0.014665
0.020919
0.010914
-0.001594
-0.005346
-0.024107
0.024674
0.021548
-0.002217
-0.002841
-0.005343
0.024052
0.001538
-0.000338
0.014047
-0.007842
0.021553
0.002166
-0.009716
0.008421
-0.004086
0.00467
0.015302
-0.000333
-0.000957
0.013427
0.022809
-0.005959
-0.007209
-0.010961
0.004674
0.033443
-0.005956
0.01093
0.000924
0.012182
-0.002827
-0.000951
0.001552
-0.018461
0.021565
0.009058
0.027195
0.000303
-0.02096
0.021568
0.006559
0.000306
-0.017205
0.018443
0.001558
-0.007823
0.013442
0.014067
0.030328
-0.019703
0.006564
-0.010946
0.02908
0.004064
0.007817
-0.004065
-0.014696
0.019701
-0.007816
0.040966
-0.005313
0.017827
-0.00969
0.005946
0.018454
0.004696
0.004071
-0.002808
0.011577
-0.000305
0.031591
-0.009685
-0.011561
-0.000928
-0.005931
0.022212
0.011581
0.015959
-0.009681
-0.017186
0.010958
0.002828
0.027219
-0.000923
0.008458
0.005332
0.005958
0.018466
-0.000921
-0.007174
-0.014053
0.007837
0.014091
0.022222
-0.025308
0.007213
0.01722
0.000335
0.013469
-0.006543
0.005965
0.008467
0.017849
-0.001538
-0.003414
-0.002162
0.002841
0.022229
0.012849
-0.012167
0.005345
0.009723
0.000968
0.02661
0.024735
0.027237
-0.012788
-0.03155
-0.000279
0.019734
0.025988
-0.015287
0.005351
0.00973
0.003476
0.00035
-0.011532
0.027243
0.003478
-0.014032
-0.004651
0.01974
-0.02091
0.021618
0.019116
-0.024036
0.044133
0.004734
-0.00965
0.005986
-0.005271
0.005987
0.027876
-0.009647
0.004738
-0.008395
0.002862
0.02225
-0.006518
0.042264
0.000363
-0.01277
0.000989
0.007244
0.023505
0.010997
0.008496
0.001617
0.026634
-0.015267
0.000368
0.022258
-0.018393
0.009751
-0.002757
0.019758
0.011003
-0.010885
0.003499
0.007878
0.009754
-0.01401
-0.000251
0.012883
0.011007
0.000376
-0.015884
0.002253
0.003505
-0.000247
0.025395
0.017265
0.017266
0.004133
-0.009
0.00601
0.003509
0.01977
0.007888
0.020396
0.001009
-0.019628
0.00789
0.000386
0.013519
0.00539
0.010394
0.009769
-0.002739
0.006643
0.011646
0.002891
0.026657
0.012273
-0.013993
-0.011491
-0.000233
0.016653
-0.005861
0.014153
-0.002732
-0.005234
0.012278
-0.012112
0.021035
0.001023
-0.010234
0.016659
0.016659
0.011656
-0.020238
0.021664
-0.000225
0.011659
0.022916
-0.012106
0.01854
0.006657
0.007283
-0.001472
-0.005224
0.009161
0.022295
-0.004597
-0.001469
0.01917
0.00291
0.000409
-0.001467
0.006664
0.006664
0.00729
0.012919
-0.005217
0.006666
-0.002089
0.014798
0.019801
-0.019598
0.014174
-0.005213
0.016051
-0.008964
-0.008964
0.024183
-0.014591
-0.002083
-0.005835
0.029814
0.012303
-0.014589
0.001672
0.037946
-0.000828
-0.001453
0.024189
-0.015211
0.026066
-0.015835
0.020438
0.013559
-0.015834
0.02857
-0.030217
0.027946
0.00168
0.021693
0.007935
-0.018332
0.021694
0.009187
-0.007698
-0.017704
0.019195
0.000433
0.016069
-0.020829
0.022949
0.004813
0.010442
-0.018951
0.00544
0.032333
0.020451
-0.02145
-0.022075
0.04797
0.020453
0.003568
-0.036457
0.014201
0.012325
0.012951
-0.00456
-0.004559
-0.012689
0.054855
-0.026447
0.040472
-0.027071
-0.022693
0.072994
-0.014561
0.006703
-0.011433
0.012958
-0.019562
0.077375
-0.043952
0.001703
-0.01143
0.000453
0.06612
-0.038946
0.022344
-0.00017
0.009837
-0.029563
0.011088
0.042359
-0.028311
0.002334
-0.032062
0.050491
0.032355
-0.047695
0.011093
0.034233
0.021725
-0.041439
0.024228
-0.003914
0.044242
0.0161
-0.060824
0.026732
0.046746
-0.003286
-0.024549
0.010474
0.002344
0.04112
0.010476
-0.010162
-0.014539
-0.005158
0.009852
-0.011411
0.014857
0.038622
0.006102
-0.004529
-0.027668
0.005478
0.044254
-0.029543
0.026743
0.013611
-0.01203
-0.041423
0.036752
0.044257
-0.040171
0.026122
-0.018281
0.036755
0.002358
-0.036416
0.031753
0.006112
0.000484
0.014243
-0.000766
0.009241
0.004239
0.008617
0.016748
-0.023277
0.003615
0.036137
-0.007015
-0.002012
0.005494
0.006745
0.041768
-0.031403
-0.007012
0.044271
-0.007637
0.009875
-0.026398
-0.015765
0.043648
-0.003882
-0.008259
-0.021392
0.018634
0.048654
0.004877
-0.015761
-0.036399
0.021764
0.034272
0.008632
0.004254
-0.010755
0.021141
-0.009503
0.02552
0.01614
-0.00825
0.013639
-0.032015
0.022396
0.003009
0.013016
-0.017003
0.002385
0.011766
0.03178
0.028028
-0.06328
0.019273
0.018649
0.023652
0.011145
-0.023252
0.00927
0.031159
0.009271
-0.00824
-0.021998
0.006145
0.013025
0.015527
0.010525
-0.021996
0.020532
0.017406
-0.003857
-0.000105
0.001772
0.016157
-0.001354
-0.018239
0.039298
0.029918
-0.023866
-0.015735
0.012408
0.030545
0.008031
-0.03387
-0.002599
0.01116
0.015538
0.007409
-0.020108
0.019292
0.013039
0.018668
0.011164
-0.020106
0.025549
0.007413
-0.000717
0.002411
-0.015725
0.042437
-0.00134
-0.013222
0.003039
-0.03511
0.03431
0.024304
0.006793
0.006794
-0.011968
0.001166
-0.006338
0.025558
0.01993
0.025559
0.01055
-0.026348
0.00117
0.016805
-0.008835
-0.001955
-0.000704
0.00555
0.010554
-7.7e-05
0.008054
0.002426
0.012432
0.021189
0.019938
-0.011331
-0.012581
0.01181
0.014312
-0.010078
-0.011954
-0.001947
0.024946
0.020568
-0.013828
0.019319
0.017443
0.006186
-0.006947
0.003686
-0.000691
-0.003818
0.004313
0.006815
0.027454
-0.003816
0.006191
0.000563
-0.009443
0.00244
0.009946
0.014949
-0.005063
0.010573
0.03684
0.010574
-0.031328
-0.00381
0.036217
0.0087
-0.018192
0.008701
0.026212
-0.006308
-0.023193
0.011204
0.032468
0.004951
-0.02194
0.018086
0.014334
-0.010056
0.001202
0.017462
0.019965
-0.001298
0.005581
0.013712
-4.6e-05
-0.030065
-4.5e-05
0.027473
0.014966
0.000582
0.004335
0.023723
0.001209
-0.010673
0.006213
0.017471
0.007465
-0.005668
0.013095
0.00434
-0.02005
-0.000663
0.016224
0.019351
-0.008166
-0.014419
0.011848
0.028734
0.022481
0.006221
-0.003159
0.011851
0.008724
-0.000656
-0.000656
-0.025671
0.003723
0.018108
0.014356
0.008103
-0.003154
0.009354
0.008104
0.009355
-0.010031
-0.022539
0.008732
0.034999
0.050009
-0.01253
-0.011904
0.00936
0.005608
0.01624
-0.023159
0.003108
-0.003146
0.00436
0.024373
0.006862
-0.006896
-0.011899
0.011242
0.035007
0.003113
-0.029408
0.001863
0.016247
0.024378
0.021252
0.004992
-0.001887
-0.004388
0.014374
0.008746
0.00562
-0.001259
-0.008138
0.021256
-0.007511
-0.007511
0.003121
0.002497
-0.002506
-0.01689
0.009378
0.021886
0.014382
-0.000627
0.014383
0.045028
0.012508
-0.01626
0.007506
-0.004376
-0.010005
2e-06
0.022517
0.015013
-0.02126
-0.018132
0.013764
0.031901
0.009387
-0.00312
0.02002
-0.011875
-0.016878
0.031279
0.0244
0.000635
0.001886
0.020024
-0.001239
-0.009369
-0.021251
0.0194
0.025029
-0.003738
-0.013119
0.005018
0.020654
-0.006863
-0.00186
0.02003
0.017529
-0.011864
-0.006861
0.004397
0.010026
-0.006234
0.01378
0.009402
0.008152
-0.00373
0.008779
0.01816
-0.004354
-0.001226
-0.011232
0.02254
0.027544
0.001277
-0.009979
0.010034
0.016289
0.008159
-0.001847
-0.002472
0.014414
0.016291
-0.004346
-0.004346
0.01942
-0.001218
-0.010598
0.008164
-0.001216
-0.009346
0.005039
0.028804
0.010668
-0.001839
-0.023727
-0.014971
0.028182
0.023804
0.0163
-0.00121
0.005044
0.010048
-0.003711
-0.005586
0.026935
0.029437
0.006298
-0.014965
-0.008711
0.003798
0.001922
0.007551
0.014431
0.014432
-0.022466
-0.012459
0.01756
0.02319
0.011933
0.000676
0.005055
0.011934
0.007557
-0.006201
0.00318
0.017565
0.001931
0.00068
0.008811
5.6e-05
0.01319
0.000683
0.003185
0.017569
0.013192
-0.003068
-0.005569
0.005689
0.01382
0.006315
-0.003065
0.006942
0.011946
-0.003689
-0.025577
0.009446
0.023205
0.020704
0.003193
-0.008064
-0.001809
0.013826
0.020706
0.016329
6.9e-05
-0.016816
0.008201
0.022585
0.011329
-0.025569
0.001949
0.022587
0.003826
-0.002428
-0.002427
0.004453
0.015711
0.027594
0.000702
-0.019936
-0.009929
0.015088
0.055114
0.01634
-0.041822
-0.027437
0.010713
0.048862
0.015091
-0.01993
-0.019304
0.003836
0.021348
0.017596
0.006339
-0.005543
0.006966
0.030106
0.037611
-0.021176
-0.029931
0.005717
0.061378
0.038865
-0.018046
-0.028677
-0.01742
0.018228
0.001343
0.008849
-0.00616
0.006348
0.00885
0.008225
0.008851
9.6e-05
0.008227
-0.001779
0.021987
0.01886
-0.00553
-0.011158
-0.002402
0.018862
0.011983
0.001352
0.011359
-0.009279
0.000103
0.006983
0.016364
0.021993
-0.002397
0.001982
0.012614
0.010113
0.009488
0.006362
0.001359
0.007614
0.011992
0.013869
0.001361
-0.005518
0.006991
0.003864
0.003865
-0.006141
-0.002388
0.025755
0.01575
-0.001136
-0.022399
-0.001135
0.025758
0.030136
0.000118
-0.039907
-0.004884
0.017005
0.018256
0.019508
0.01388
0.001372
-0.00363
0.002624
0.009504
0.011381
0.007629
0.005128
0.021389
-0.003627
-0.021137
0.010758
0.025769
0.02014
-0.009878
0.006383
0.017015
0.014514
-0.004873
-0.006749
0.01389
0.011389
0.003885
-0.010499
0.001384
-0.007371
-0.013624
0.00764
0.015771
0.017022
0.022026
0.007017
-0.009869
-0.01237
-0.002988
0.020152
0.032035
0.016401
-0.011742
-0.004862
0.002018
0.00452
0.010149
0.007023
0.007649
0.01703
0.013904
-0.013613
0.010153
0.017658
0.018909
-0.003605
-0.001103
0.023289
0.008279
-0.002352
-0.019862
-0.009855
-0.004226
0.002654
0.008283
0.023293
0.006408
-0.008602
0.008285
0.025796
0.013914
0.00641
0.011414
0.018294
0.008288
-0.017978
0.005162
-0.000466
-0.011723
0.003913
0.018297
0.012669
-0.008594
0.006416
0.020176
0.009545
0.009545
-0.002962
0.0158
0.012674
0.012674
0.0133
-0.007338
-0.004835
-0.002333
0.007048
-0.002332
-0.000456
0.011428
0.01393
0.010178
0.01268
0.010179
0.017684
0.008929
0.004552
-0.013584
-0.00858
0.017061
0.009557
0.000177
-0.024213
-0.011079
0.009559
0.007058
0.007684
0.012062
0.00706
0.002682
0.005185
0.023947
0.022697
-0.004195
0.007063
0.017695
-0.006695
0.000185
0.002062
0.008316
0.026453
0.012695
0.00394
-0.002313
0.008319
0.007069
0.006444
0.001441
-0.01732
0.019579
0.013325
-0.006062
0.00332
-0.002308
0.013327
-0.002307
0.012703
0.013954
0.013955
0.000822
-0.006682
0.006452
0.003951
0.008954
-0.014185
0.000825
0.005204
0.007706
-0.001675
-0.00355
0.002079
0.013336
0.022718
0.020217
0.011462
0.006459
0.008336
-0.006048
0.008337
0.011464
0.007713
0.004586
-0.001042
0.003336
0.022099
0.002712
-0.003541
0.000211
0.008968
0.008343
-0.006666
0.008969
0.005217
0.005843
0.016475
-0.002286
-0.014168
0.003969
0.0121
0.009599
-0.000407
0.011476
0.005223
0.002721
-0.00103
0.008976
0.016482
0.007727
0.017734
0.001474
0.001474
0.000849
0.013983
0.005228
-0.010406
0.023366
0.022116
0.017738
-0.004775
-0.014781
0.008359
0.020867
0.003357
-0.00102
-0.000394
-0.006648
0.018369
0.000858
0.006487
-0.000392
0.006488
0.008365
0.000861
0.012118
-0.012272
0.003989
0.012745
0.005241
0.002114
0.002115
0.006493
0.018376
-0.00101
-0.007889
0.010248
0.014626
0.017754
0.003995
0.014002
0.002746
-0.016641
-0.006009
0.003373
0.041523
0.029015
-0.016013
-0.029146
0.009004
0.037773
0.0015
-0.004753
-0.020388
0.035899
0.041528
-0.031018
-0.0035
0.028396
0.000879
-0.02914
0.004632
0.035903
0.009011
-0.020382
-0.005997
0.022146
0.028401
0.005887
0.005262
-0.010372
-0.028508
0.016521
0.022775
-0.001615
-0.002865
0.010269
0.012771
-0.009117
0.01027
0.012773
0.013399
-0.007239
0.002768
0.03654
-0.007238
-0.015367
-0.024122
0.02591
0.0478
0.020283
-0.012863
-0.041005
0.010903
0.043425
0.0428
0.0034
-0.036625
-0.047882
0.010906
0.023415
0.007155
0.01341
-0.001599
0.026544
0.006532
-0.011604
0.007784
0.033425
-0.027238
-0.050377
0.054691
0.062821
-0.024109
-0.048499
0.017794
0.028427
-0.006595
0.01592
0.03093
-0.00847
-0.025981
0.015296
0.034059
0.000288
-0.021601
0.009044
0.033436
-0.004713
-0.015345
0.009672
0.020304
0.006546
-0.014717
0.009674
-0.000957
0.00217
0.023434
0.009051
-0.002831
-0.032225
0.005925
0.021561
0.007177
-0.002829
-0.007206
0.030319
0.029068
-0.007204
-0.012832
0.008432
0.005931
0.010934
0.00343
0.009059
-0.004699
-0.010327
-0.002196
0.001556
0.016567
0.009688
0.024072
0.017819
0.003435
0.002185
0.006563
0.014069
-0.004067
-0.010321
-0.011571
0.007817
0.022201
0.009694
0.005942
-0.004064
0.003442
0.012823
-0.00156
0.000942
0.019704
0.002193
-0.000933
0.00282
-0.011564
-0.017817
0.003447
0.034092
0.027839
0.001572
-0.005307
0.002824
0.005952
0.01033
0.010956
0.00095
-0.004053
0.001577
0.004079
-0.002175
0.004705
0.022842
0.014087
0.004707
-0.002798
0.022844
0.004083
-0.007799
0.009087
0.003459
0.012215
-0.013426
0.001584
0.019721
0.002836
-0.00029
0.013469
0.011593
-0.01092
-0.005917
0.021601
0.011596
-0.005915
0.007844
0.013473
-0.011542
-0.005913
0.015976
0.014101
0.004095
0.004721
0.008474
0.001595
-0.009036
-0.014664
0.017231
0.019108
0.018483
0.003474
0.007227
0.016609
-0.007156
0.009105
0.004728
0.012233
-0.004027
-0.001525
0.01286
0.002229
0.009109
-0.008402
0.007859
0.010361
0.012238
0.009737
0.014115
-0.007148
-0.009649
-0.000268
0.007238
0.014743
0.002236
0.010366
-0.005268
0.000361
0.007241
0.041013
0.013496
-0.00464
-0.019024
0.004117
0.00912
-0.004013
0.021004
0.005995
0.008497
-0.002134
0.000993
0.006622
0.007248
-0.007135
0.014129
0.004748
0.000371
-0.004006
0.016007
0.013506
0.021637
0.002875
-0.005254
0.009756
-0.017136
0.032271
-0.0015
0.012885
0.011634
0.004756
0.006007
0.006007
0.012887
0.00851
0.017266
-0.002746
0.005385
0.017893
0.033529
0.03478
0.051666
0.063549
0.044163
0.015395
-0.010246
-0.037138
0.009142
0.009768
0.034785
0.066681
0.068557
0.038539
-0.059648
-0.120937
-0.170343
-0.120936
-0.032754
0.065434
0.124222
0.164873
0.139233
0.074817
0.001646
-0.061519
-0.064645
-0.016489
0.08295
0.149868
0.134859
0.093583
0.061688
0.020413
-0.001476
-0.005853
0.024167
-0.038998
-0.100287
-0.045251
0.06482
0.042306
-0.048376
-0.059633
0.080457
0.083584
-0.095905
-0.193466
-0.221609
-0.187211
-0.166573
-0.071511
0.032931
0.067328
-0.000214
0.071707
0.156762
0.159264
0.143629
0.234313
0.348136
0.225558
-0.033982
-0.145928
-0.026476
0.112989
0.275593
0.255581
0.117368
-0.072753
-0.165311
-0.158431
-0.246612
-0.278507
-0.107147
0.136134
0.231195
0.04983
-0.071497
-0.038351
0.01606
-0.047105
-0.085254
0.111122
0.203681
0.211812
0.144895
0.137391
0.003556
-0.163425
-0.14904
0.043583
0.098619
-0.036467
0.099245
0.408818
0.414447
0.303127
0.36254
0.24434
0.188055
0.066103
-0.049596
-0.052097
-0.194687
-0.296627
-0.114635
0.08049
-0.166542
-0.377926
-0.205316
-0.007064
0.094251
0.118642
0.364425
0.464489
0.094879
-0.167788
-0.179045
-0.125885
-0.114002
0.094881
0.310019
0.314397
0.057985
-0.068971
0.135535
0.134285
0.014834
0.066117
0.158677
0.157427
0.079878
0.069246
0.21559
0.038603
-0.068965
0.285011
0.199332
-0.313494
-0.501113
-0.212179
0.04361
0.021721
0.153681
0.248742
-0.261583
-0.799425
-0.72938
-0.485474
-0.117739
0.405095
0.697157
0.918548
0.884152
0.223732
-0.361016
-0.377901
-0.140249
0.072387
0.470141
0.864143
0.608355
-0.105224
-0.205287
0.396347
0.548945
-0.011412
-0.629305
-0.611168
-0.321608
-0.040804
0.056134
0.060512
0.235624
0.193098
0.128682
-0.122102
-0.5111
-0.536115
-0.487959
-0.565508
-0.376012
-0.274696
-0.451058
-0.422915
-0.038294
0.38385
0.555836
0.478287
0.517687
0.612123
-0.104583
-0.701213
-0.339107
0.064276
0.149331
-0.027657
0.131195
0.378228
0.370724
0.646525
0.176226
-0.930104
-1.836306
-1.426669
-0.34598
-0.625533
-0.1052
1.468929
2.181258
1.497073
0.15872
-0.931349
-2.004533
-2.129612
-1.683077
-1.225285
-0.037027
1.179374
2.318851
3.423306
3.132496
1.11496
-1.006391
-2.097086
-2.828802
-2.817544
-2.153996
-1.287818
-0.070792
0.349477
0.096816
-0.290931
-1.003885
-1.17024
-0.81814
-0.304062
0.83479
2.294471
2.784159
2.155633
1.498965
0.797894
0.211896
-0.346585
-1.412264
-1.091433
0.778509
1.124355
-0.527948
-2.357864
-2.451048
-1.880058
-1.52358
-0.873165
0.582764
1.945508
1.55651
0.772261
1.055567
1.590909
1.006162
-0.734322
-1.776861
-0.833134
-0.820626
-0.392853
1.264454
1.580281
1.026179
-0.419743
-1.709314
-1.598618
-1.440392
-1.707436
-1.030129
0.427676
0.999291
1.093101
2.173165
2.959917
1.652209
-0.150189
0.070577
0.792287
0.772901
0.812301
1.442704
1.747273
0.798544
-2.084543
-5.626176
-7.002678
-7.30537
-5.790654
-2.005741
0.978663
2.225708
2.210699
2.442097
1.541523
-0.675514
-1.550447
-0.994467
-0.119533
0.162522
0.674099
1.499
1.117507
-0.671132
-2.415994
-2.996989
-2.220869
-1.288399
0.186292
1.024327
0.736018
-1.166444
-3.317815
-3.753717
-3.744961
-4.367232
-5.946364
-4.281552
-0.350295
1.711645
0.600938
-1.626107
-3.126438
-4.114567
-5.758114
-8.44983
-9.43108
-8.638699
-7.081456
-4.744966
-2.006344
1.577191
5.138837
6.779258
6.751116
5.54222
0.901137
-3.972594
-4.926952
-3.770589
-0.142651
4.334579
6.83805
6.743616
3.133815
-4.005736
-7.705594
-5.736839
-1.988198
1.139421
3.297047
5.961246
7.711737
7.220175
4.363979
3.611
6.911229
7.245818
1.292648
-6.746851
-13.559944
-18.078449
-18.226668
-11.060224
1.455881
12.85002
18.212189
17.982043
14.275305
9.885632
4.290816
0.05249
1.46339
6.282087
10.707409
9.058233
2.109429
-0.484725
3.80426
5.725485
3.722959
0.612227
-1.338391
0.540307
1.615368
4.965629
15.116476
21.728191
17.699999
3.544725
-12.0252
-20.088465
-22.821456
-24.578826
-20.394283
-4.780579
11.984485
23.859555
24.225414
14.011403
1.882422
-7.506688
-11.814434
-10.608665
-6.473528
-5.613605
-2.245832
0.523434
6.336515
11.546712
9.066382
7.322771
8.537921
7.526652
1.028134
-4.025712
-4.639228
-4.097632
-5.829986
-8.072039
-5.74368
2.913715
5.502241
5.051954
1.252658
-2.939389
-3.47473
-6.626739
-6.220855
-0.786765
5.079475
13.47045
22.139102
17.117151
9.753707
0.423385
-11.251557
-20.078434
-22.416799
-17.144062
-2.991915
14.260959
16.619338
10.328454
-0.857427
-6.924419
-8.380972
-11.318469
-12.510479
-15.034587
-14.851345
-9.120191
-9.070158
-15.260979
-11.881324
-8.489161
-2.102589
11.360369
12.746253
10.123957
9.519197
7.25713
7.438496
13.61556
13.840704
12.06207
6.676137
-6.958804
-15.159657
-23.304849
-21.674434
-10.091424
-4.46221
0.120086
9.524833
14.199688
15.686887
8.60925
-4.570401
-15.445458
-23.895845
-18.14718
-9.868151
-7.285254
-0.909939
1.879339
5.860628
9.393506
3.643591
8.911324
14.336033
18.180359
23.972177
11.783157
-6.859977
-13.796274
-16.071474
-14.931371
-10.916311
-9.686151
0.963764
6.859398
5.994472
10.859449
14.066494
11.797548
11.207172
13.57243
10.555507
3.39782
-4.768636
-6.74552
-4.112591
-0.095655
0.801167
2.186426
5.580465
16.331695
16.204114
4.732426
0.773653
-6.071335
-4.325847
-4.368374
-8.879374
-16.599295
-23.71383
-19.204079
-11.664272
-17.115872
-13.494813
-4.128216
-0.069378
6.897564
2.492256
-2.934328
-7.170778
-8.12326
-8.462851
-2.090663
1.861232
-1.858014
-6.819301
-1.63412
7.114583
13.361065
17.11596
13.748188
8.355376
3.177701
-5.325845
-3.197613
11.306009
23.82399
29.692106
15.79137
1.273365
-4.459039
5.89819
2.292767
-2.996855
-14.00137
-17.572396
-14.724329
-15.719338
-2.106284
-2.163195
5.350971
14.754466
19.698868
15.129706
5.26029
-14.332825
-21.425471
-17.840685
-14.68805
-6.440917
-3.260139
2.375955
12.678773
15.530592
4.898815
-3.61161
-8.4203
1.088888
7.629933
2.060758
-10.074478
-13.796225
-4.443387
-2.737299
-6.772996
-8.046307
-7.540359
-3.404597
4.190245
1.817483
-5.335201
-8.456565
-11.886877
-13.618605
-9.607297
-8.396525
-10.773039
-12.934417
-6.495937
12.489917
14.055291
9.082746
13.094679
13.644405
16.840193
11.057132
0.814978
3.152719
4.815655
-5.87491
-15.056388
-8.293326
1.118925
6.332874
5.774394
6.294101
15.323608
16.543761
5.880714
-12.401566
-20.81005
-18.0264
-15.090153
-14.407217
-10.452195
-1.430193
15.893351
31.265026
19.494398
3.509833
4.259061
8.708148
9.80885
0.671776
-13.940664
-14.142042
-8.086306
3.078938
17.389311
19.055999
15.455579
7.221581
-0.270695
2.899451
-9.502204
-30.062811
-38.136082
-32.865221
-13.332769
-2.438323
-9.02252
-9.116955
1.264039
5.324753
3.309719
0.969477
5.089605
19.137936
34.472712
32.767876
15.184792
-3.91801
-7.851142
-7.045003
-12.808676
-14.131394
-3.665346
6.687504
4.615559
0.014501
1.203384
2.148988
11.276057
26.62897
28.951076
28.119296
13.823308
1.339725
5.179674
7.325417
2.310345
-6.668503
-14.692993
-16.083254
-15.955047
-9.284544
-2.859822
-3.86046
3.269086
7.828243
11.492454
11.875824
19.835899
32.228175
33.756024
24.460099
3.639951
-16.153917
-28.540563
-29.913312
-20.510442
-7.141294
0.457301
4.297875
2.359139
-3.31135
2.016422
13.26797
21.274325
17.043503
12.122867
14.117889
12.219179
10.558121
0.686828
-11.428395
-12.569121
-8.06625
-5.833576
-4.213793
-5.556524
-5.367653
-5.734136
-12.936852
-8.61222
-1.704691
4.678129
16.896544
12.901498
9.037785
18.568861
19.306207
13.335526
11.042815
8.604386
2.902002
-1.303804
0.703726
5.868269
-1.782233
-14.96376
-22.519201
-29.888274
-29.821981
-17.706757
-7.8142
5.320424
18.059171
22.739029
20.545757
12.508133
9.940247
8.802022
8.754492
1.098362
-7.425197
2.934533
18.364996
15.937199
-1.09741
-24.891954
-35.746373
-36.179149
-45.111718
-56.196283
-65.125725
-64.207014
-56.707233
-52.745957
-54.216268
-54.944232
-42.191727
-23.105809
-17.223934
-24.284059
-30.61497
-29.573055
-32.101541
-38.932771
-42.408111
-35.107206
-20.966941
-9.160038
3.194713
9.584412
11.11789
16.86593
19.648955
19.516996
28.289464
40.802442
54.998367
64.857153
57.816415
49.018307
52.276634
57.666321
66.951616
82.806724
90.390309
87.570387
85.080675
82.851129
67.578894
31.038725
-4.637768
-20.232084
-27.235298
-33.448634
-43.928439
-52.082387
-50.157409
-42.859006
-42.94531
-38.628808
-29.493609
-19.421562
6.803282
24.038645
40.729286
49.642468
39.364041
32.816118
25.216273
18.061087
15.537604
14.674554
5.893957
-8.081827
-15.581607
-19.213922
-22.918158
-17.816155
-2.557677
14.056039
31.59347
44.773122
47.05145
43.94447
41.396597
31.220735
18.311881
4.783257
-8.787269
-12.292002
-15.939952
-14.444624
-7.808518
-2.114887
5.984026
1.989605
-13.665374
-19.180765
-27.210258
-37.585622
-31.389796
-26.406619
-27.713076
-28.058296
-30.458576
-28.516712
-16.368342
-3.356922
2.867672
-0.681465
-7.955477
-17.253904
-24.157054
-24.04198
-25.779337
-32.621198
-40.805791
-52.1155
-64.118777
-70.858072
-64.555304
-45.374325
-31.811303
-25.442868
-18.935594
-10.822296
1.287924
17.246849
20.922317
12.471931
6.424951
4.096593
-0.558875
-16.61536
-35.730671
-39.294192
-34.952674
-35.092137
-39.728843
-51.45069
-55.633981
-50.707715
-50.790892
-50.598269
-43.25984
-33.216562
-7.806613
33.40466
62.495081
80.19574
93.761264
97.858251
99.930823
92.687456
74.307614
50.365477
22.303838
2.548119
-1.351867
3.050941
-3.431942
-8.263146
-11.16437
-15.558421
-6.451364
9.909691
26.013083
40.43165
43.52925
37.410975
33.827441
23.505237
10.511328
13.261207
28.227624
33.440322
33.535383
31.578511
26.79859
34.936278
42.072703
38.926323
44.933903
48.739455
31.075069
12.527621
9.642032
17.273147
23.413937
20.198763
1.618169
-22.789266
-43.84769
-66.943663
-83.439804
-97.264241
-89.417989
-54.386281
-15.717254
17.190601
37.275906
48.272291
53.009062
54.078494
33.682992
-1.219883
-32.847545
-44.316106
-33.599898
-11.772858
-6.104244
-14.808542
-21.781737
-27.444097
-23.99127
-29.798722
-30.72306
-21.299552
-8.939172
3.464361
17.066157
23.956175
38.023894
53.471868
69.14561
81.210177
73.023709
51.037818
32.151404
24.0281
-0.588217
-40.339183
-88.090874
-126.47722
-144.564375
-138.86324
-134.819411
-128.199565
-115.136862
-97.298615
-74.851805
-56.072332
-46.498729
-45.459941
-27.487858
5.218618
46.000242
79.033176
101.9728
115.422625
119.327615
110.776539
90.61181
64.808486
43.485518
34.393472
19.265704
-3.955349
-22.076901
-30.848743
-36.791906
-52.316803
-61.752192
-73.618506
-79.251472
-65.820409
-54.822147
-39.76067
-27.550385
-18.74352
4.84089
36.365988
59.10611
62.954189
52.935302
46.424903
37.162748
12.492647
-16.39702
-35.373492
-51.778324
-55.379369
-48.982166
-37.918237
-18.240067
13.71468
39.065217
48.957148
55.887817
64.385735
85.100191
110.076114
124.439021
116.834173
94.176604
51.763942
11.635235
-8.563266
-19.777915
-36.937603
-47.321097
-41.077742
-32.335293
-22.7004
-9.387538
-2.444986
-7.872821
-17.231286
-32.125781
-48.159752
-53.114786
-29.652328
4.089808
33.205245
47.903991
48.347399
34.926969
25.390891
33.544214
45.181633
39.292254
19.51152
22.352706
30.914415
30.305903
14.835416
-4.383711
-14.549566
-20.367024
-19.104969
-20.65971
-26.307685
-14.68465
6.190534
11.547699
3.609514
-26.215123
-53.895894
-47.651288
-34.370321
-20.528996
10.363823
34.873199
44.947747
47.401812
33.609269
2.48693
-27.429016
-32.222697
-27.57786
-11.734635
7.367544
6.81219
-2.311751
-17.483297
-39.047044
-41.275339
-27.645399
-18.433276
-3.176674
12.827904
25.22831
24.871833
11.168723
-10.959758
-33.78681
-51.319236
-55.276759
-51.771399
-43.990813
-24.971187
-6.813987
10.931702
17.795453
13.176259
6.056095
0.93283
5.487609
8.054871
9.820997
24.275212
41.019638
57.179315
66.131272
52.564499
29.034499
17.75731
4.582662
-5.53066
-10.196759
-10.916592
1.87031
22.934364
36.243474
28.026987
4.285602
-28.366463
-47.906419
-42.768769
-19.41513
4.842835
23.57978
32.325981
40.051532
45.18543
39.486173
17.769204
-7.623859
-31.676692
-55.055346
-68.301289
-67.72217
-45.851977
-17.790962
13.461462
24.755537
22.734874
16.153804
0.322463
1.359999
23.464091
38.381102
53.542643
77.916932
87.676904
80.009517
63.44083
43.453088
22.390286
12.961776
10.927354
12.377655
15.61597
19.065669
20.080066
19.832409
14.634721
4.403824
-11.458162
-29.185713
-43.39352
-51.74697
-38.606092
-23.949248
-20.941705
-24.039929
-29.024356
-33.506588
-31.821764
-19.981715
-0.778222
22.113247
39.765125
34.32916
18.546599
7.108683
9.879825
25.597346
19.588516
-5.272333
-39.387831
-56.002797
-49.087763
-36.528506
-29.378323
-29.093766
-18.109262
8.011765
30.920745
33.192819
20.054444
0.673965
-8.430589
-15.809042
-25.308848
-25.45394
-22.650277
-23.384495
-24.173122
-29.639731
-33.62352
-28.039335
-18.40069
-4.391133
6.180607
10.170651
8.821667
6.626518
3.495772
-1.263511
-3.635648
-2.868909
1.765922
10.590298
17.759243
25.330321
32.029592
32.856369
26.366608
11.120014
2.81597
4.084905
9.906742
19.299605
33.084018
46.760863
49.760901
37.867069
13.214479
-12.56383
-22.436373
-15.154855
-7.020919
2.742806
13.050627
14.169466
15.689185
17.560379
8.646572
-1.097765
-5.292939
-6.851432
-4.960225
-4.676294
-9.017186
-15.510074
-23.812241
-34.080037
-38.273334
-35.974368
-32.659755
-30.035581
-26.580878
-12.595087
6.076192
20.545416
27.655574
18.477849
-1.585566
-11.106635
-11.432467
-13.954699
-17.044168
-18.836561
-18.236177
-12.99471
-3.197839
4.163104
1.951695
-5.291673
-7.582507
-5.800121
1.044869
12.809869
22.759963
27.360396
30.377946
30.940805
32.95584
31.484903
19.063235
4.378248
-5.085284
-1.84822
10.881146
13.846787
6.751014
-0.713119
-5.254764
-1.982678
-6.139077
-15.86215
-22.914145
-29.298214
-33.519029
-38.382754
-44.945062
-50.030179
-47.491059
-42.382802
-44.704282
-48.843795
-50.636813
-41.938142
-24.360686
-7.890185
4.707221
11.353334
19.51854
24.65619
26.694365
26.052081
19.904413
7.352036
-1.769403
0.383219
9.85801
23.015148
27.136526
15.864341
-4.978946
-22.720256
-26.101161
-18.276797
-10.546243
-8.326703
-7.863282
-4.405452
-1.272204
3.632798
9.240749
11.185739
17.133907
26.338525
33.134734
36.577554
33.558129
25.991431
18.517917
16.511014
17.299642
17.330912
15.737397
14.337755
17.320907
20.77561
24.018928
23.94138
16.738038
7.24949
-2.244687
-12.047186
-21.156117
-28.174966
-34.295743
-42.470329
-50.634908
-51.557996
-42.784903
-29.139328
-13.78579
-4.935772
-6.281004
-12.82455
-22.356251
-32.549624
-34.613439
-23.827187
-2.921985
18.695547
28.758838
29.942093
27.838252
24.136518
18.87629
18.56922
24.145275
27.656889
33.548145
34.289869
22.664333
8.927451
-6.313514
-21.879687
-28.290023
-28.502033
-26.585186
-20.484421
-17.426221
-19.278651
-19.110418
-12.644421
-1.06704
12.043194
19.291565
16.669894
8.712947
-1.985122
-13.826421
-23.284324
-29.516422
-33.588392
-32.797888
-27.999203
-22.461923
-19.18796
-17.409951
-15.975911
-16.439956
-19.263631
-21.769603
-20.076648
-17.587561
-16.318626
-16.322378
-15.969653
-12.628773
-11.546832
-10.36045
-5.750636
-1.334695
1.792298
5.829248
11.177658
13.920657
15.553573
14.926299
11.611687
8.936857
9.995657
9.776768
5.971843
4.073133
2.316389
-0.584835
-3.492938
-4.345356
-3.367858
-4.828789
-8.369795
-10.689399
-11.832627
-8.426705
-2.471033
-0.674887
-3.025135
-3.008249
0.500238
1.660354
-0.357807
-1.871897
1.944286
10.026314
18.235923
23.608724
23.301028
19.615554
14.080151
2.759184
-11.233485
-20.627599
-22.870903
-16.716354
-8.238449
-2.049503
3.506539
6.000005
4.120682
-0.906898
-4.815639
-4.680552
-7.661202
-17.142871
-27.798413
-34.051149
-30.518271
-23.505675
-17.953385
-14.493679
-14.084668
-14.297303
-14.842024
-14.055898
-8.860085
-0.472862
9.142018
16.810657
16.082068
15.791258
21.320408
30.194816
39.268727
39.637712
33.054141
27.555011
23.081534
19.28599
16.850688
14.149592
11.791214
10.482255
9.64172
5.553489
-1.886253
-8.127106
-13.715043
-21.683873
-26.553227
-24.601982
-15.829514
-4.522305
-0.524131
0.443361
4.340847
9.610457
15.867571
20.860755
23.51995
25.400525
26.863958
24.60752
19.751925
13.561104
7.582293
5.85807
3.882436
-0.758647
-2.55104
-0.512865
2.785488
7.651716
11.262769
13.59363
15.347249
15.429802
13.334717
7.25209
-0.357761
-6.025124
-6.524817
-1.547893
7.730522
16.927636
18.299761
12.57111
3.657928
-6.004481
-9.739987
-5.105782
3.222027
12.66117
20.812617
24.936497
26.905252
33.314339
40.578345
43.913597
41.333828
33.608904
27.930909
21.771358
17.574934
16.979555
16.847596
17.412957
13.427292
2.83554
-8.322198
-16.164071
-18.66504
-17.915187
-17.244133
-15.168435
-13.197803
-12.819436
-14.268484
-20.738859
-27.088531
-28.79712
-30.494451
-28.894055
-26.340552
-24.500003
-16.190956
-3.856217
5.182046
8.214605
4.286476
-3.926885
-11.806908
-19.423012
-26.747681
-30.826531
-28.619499
-20.576245
-12.459821
-7.245246
-3.684225
-1.682323
1.818659
9.137075
17.043991
22.120353
24.639459
25.263608
27.198592
28.468777
26.909033
22.802041
15.409829
9.240271
7.375958
8.628632
9.035142
6.950689
3.177033
2.244564
4.899382
6.120787
1.584145
-5.055712
-7.541046
-7.002577
-4.928755
-2.171997
-0.430261
1.675457
2.524749
-0.18823
-1.752352
-2.570998
-1.922459
0.370878
0.907471
0.869322
2.23707
5.868135
9.800017
9.638665
6.845635
5.183326
2.590423
0.111969
-0.876786
-2.313326
-2.630403
-1.052522
0.052558
0.045679
-1.206368
-3.684823
-4.751127
-4.744872
-5.690475
-7.042586
-9.154557
-9.463503
-6.053829
-0.411482
7.158345
15.214106
20.826434
23.992828
22.03408
15.207854
9.917607
7.063288
5.693665
4.082639
1.971293
2.519768
3.445359
1.883113
-0.916171
-2.313936
-0.652251
1.264596
0.40655
-0.125039
3.75431
6.196492
4.778714
-0.934928
-10.576073
-15.650558
-14.658675
-14.505452
-16.172139
-16.092087
-14.280307
-9.577308
-4.502823
-4.933722
-9.085118
-10.962564
-10.70615
-12.46352
-16.03267
-18.608686
-17.696855
-11.715541
-5.117584
-1.981835
-1.206965
0.108874
2.961944
7.272192
11.783819
13.998981
13.903296
12.79509
10.81758
7.691838
5.107065
2.711789
-0.24447
-3.104418
-5.488437
-7.591027
-9.87811
-12.547936
-14.323442
-12.977584
-8.778031
-2.398964
7.554257
17.843317
23.194228
24.01913
23.648269
22.269891
20.747045
19.68637
15.949613
10.909525
7.533624
6.576764
6.151494
4.456038
0.454738
-5.325196
-9.643573
-10.525385
-8.813668
-6.000625
-4.405857
-7.549736
-14.758081
-20.593675
-22.438601
-21.694376
-18.27407
-14.092029
-9.086337
-1.78981
4.112078
3.515448
1.653012
4.031403
4.470434
-0.51712
-8.363372
-13.925042
-14.125169
-7.921839
-0.199415
1.94883
-0.938635
-6.477791
-11.733016
-14.505408
-16.721195
-17.980747
-17.919458
-15.396599
-7.858668
1.332817
8.189689
10.235369
4.235294
-8.515959
-19.180882
-22.680613
-19.90009
-14.91316
-9.620411
-3.623462
-0.725364
-3.173799
-8.108194
-10.980025
-9.81303
-7.988116
-9.230158
-11.577278
-11.634189
-7.642894
0.632382
7.692508
10.62813
14.216668
16.281735
15.207926
12.054667
8.801343
8.170317
6.466106
1.411634
-3.11375
-3.537145
-1.787904
0.198363
1.460418
0.691178
0.944465
4.576156
8.464885
11.20038
10.613131
7.135289
3.078328
1.49607
3.920741
9.088411
16.927784
22.164248
21.607644
17.150428
9.416123
0.895066
-4.547778
-7.872397
-8.592856
-6.32641
-4.088733
-3.133124
-3.789166
-4.489612
0.699321
8.764463
14.416817
19.216127
21.576382
22.882841
23.903492
21.603276
14.536897
6.098393
-1.437661
-4.580914
-2.704718
-2.644679
-7.676011
-15.727393
-24.664965
-33.985281
-39.129185
-39.45877
-34.642574
-25.314126
-15.920637
-8.281392
-2.456428
2.090846
4.406073
5.683138
6.736309
5.470503
-0.767223
-11.649785
-23.963259
-32.439913
-35.029688
-33.262936
-31.142834
-29.670645
-27.29538
-23.256555
-15.958777
-7.600949
0.100837
5.755692
8.249783
7.764474
4.828228
0.895096
0.750004
4.505523
10.001528
14.459995
15.937188
15.002217
13.371178
11.118492
5.318545
-1.889174
-7.432707
-9.916165
-11.318309
-9.867383
-3.715336
4.66063
11.553149
16.617003
19.308719
20.122364
22.535152
26.087417
28.707213
30.871093
32.893633
30.203168
20.797798
9.429926
2.160918
-1.959208
-4.127465
-5.721606
-9.732912
-13.866172
-14.64792
-14.843669
-18.556035
-24.018267
-26.085209
-22.187724
-15.530979
-10.911784
-8.449589
-5.591516
-2.765339
-1.525173
-1.199965
-4.812267
-12.004352
-14.271422
-10.078748
-5.723471
-4.205003
-0.952304
4.202233
9.329877
14.404988
18.888472
23.425115
26.639664
25.667795
22.688397
19.772788
14.122312
8.392409
4.270407
-1.220593
-7.270699
-12.209472
-17.120102
-19.36841
-17.616042
-16.662934
-17.99128
-20.018197
-19.41969
-13.853016
-4.266279
5.990886
11.677011
15.012263
17.303099
17.061696
15.868435
13.154831
10.439976
8.698241
6.000897
-0.127384
-9.271338
-17.205145
-21.73053
-23.625487
-23.693655
-20.626699
-13.461506
-3.679019
4.740724
9.352414
9.512517
7.132875
6.858951
4.920841
-1.807823
-12.335784
-23.009463
-26.73934
-23.466628
-19.1101
-15.452143
-10.713496
-7.509578
-5.114301
-2.645226
-1.264345
0.736931
2.711315
3.116574
4.516842
8.211073
11.748328
12.521322
9.08288
4.25793
3.386125
8.025958
14.380635
20.556447
24.819791
24.844807
23.052415
21.774726
19.480764
15.338124
10.253007
3.376749
-5.3682
-12.896124
-16.492166
-16.735445
-15.020601
-12.766664
-10.756007
-8.318202
-4.862248
-0.400028
2.927719
5.291101
7.396819
6.279857
1.58499
-4.426967
-8.538963
-7.525191
-3.380674
-0.398147
1.342338
2.731975
3.813915
5.800807
9.480654
14.178024
17.726537
18.188081
16.001063
12.103578
6.432464
2.589389
2.957124
4.084093
5.333015
7.52066
10.204246
14.456958
20.041143
23.089963
23.393281
21.82228
16.461363
8.490658
-1.362498
-11.941742
-17.881778
-17.300782
-11.271938
-1.078565
7.818983
12.671452
13.518242
10.629526
6.042853
2.577519
0.766991
0.464298
2.311101
3.948395
2.656322
-1.518839
-8.161823
-15.457724
-20.912451
-22.646055
-18.376458
-10.226262
-3.815299
-3.078579
-7.555182
-14.746016
-19.216365
-18.53468
-15.377042
-12.119965
-9.787853
-8.588963
-7.356927
-4.02918
-0.157336
2.701362
4.804578
5.819601
6.954075
9.5426
11.885344
12.639576
10.180509
5.588206
2.087851
1.001534
2.431821
5.300525
8.541967
12.710875
16.300039
18.328833
18.58212
15.422606
12.346271
10.410662
6.643261
0.950883
-5.368771
-12.110568
-17.79294
-22.888063
-28.165802
-30.918806
-31.413496
-30.192092
-25.442188
-18.183811
-8.803455
2.824583
13.945423
22.170668
26.162588
26.948089
26.50906
25.62287
23.804837
20.32637
15.203104
10.703361
8.164869
7.001002
6.060403
2.87775
-3.021636
-8.374423
-12.314434
-15.084324
-14.834164
-13.081796
-9.891012
-4.858428
-1.441874
-1.126048
-1.909046
-1.676397
0.295485
2.625721
4.52881
6.617642
9.416302
13.38133
16.78475
16.935472
15.251274
13.899162
11.807204
10.201181
9.426938
7.809657
4.655772
-0.538163
-5.061046
-6.940994
-7.685218
-9.046085
-10.615835
-9.358783
-4.415631
2.055995
6.319338
5.728962
2.408721
-1.065993
-3.730817
-4.415002
-3.963464
-3.209858
-0.601945
2.126045
3.02787
2.565701
0.129148
-2.459376
-3.199848
-1.060984
3.271779
8.97479
16.45581
24.101309
28.716752
27.738004
21.226353
9.470734
-3.272389
-11.769055
-13.757197
-10.81407
-7.118589
-5.418129
-6.306195
-8.214286
-10.156774
-11.074233
-10.85847
-9.866587
-9.855955
-10.046701
-9.01917
-7.149228
-3.215469
2.852149
9.665243
14.846672
16.250692
12.707184
6.137371
1.119173
0.190456
1.246755
0.790215
-1.403683
-4.139802
-5.631378
-3.409336
0.508788
4.55887
8.779061
12.240643
14.317593
13.370115
8.640225
2.731458
-1.155394
-3.188565
-4.479387
-5.803981
-7.06666
-8.487566
-9.635172
-9.13923
-6.445012
-1.357393
5.13237
10.139312
12.295687
11.196237
7.093622
2.521333
-1.780159
-6.473775
-11.276837
-15.017971
-16.011729
-14.886011
-13.63834
-12.288729
-10.082948
-4.516273
4.941006
15.122497
23.011902
26.84247
26.652349
22.366493
14.467708
6.115509
0.703934
-1.14662
-0.902088
-0.307959
-1.005278
-1.815169
-3.378665
-6.727049
-8.771477
-9.085427
-7.032868
-3.436199
0.160469
4.328752
8.306288
10.800379
10.27567
5.291868
-2.070325
-7.728932
-12.076077
-16.557684
-19.967357
-20.520834
-18.525187
-15.48825
-13.589539
-12.868454
-11.131721
-8.818371
-7.440617
-8.019736
-9.014744
-7.412473
-3.969652
-3.061573
-6.550672
-10.409381
-11.217396
-11.391881
-13.495722
-14.9923
-12.997903
-8.78084
-5.897126
-5.57567
-6.291751
-5.323634
-2.519345
0.640169
3.950405
6.509537
9.434527
12.530877
13.138765
11.258817
9.482685
8.504562
7.986107
7.889796
8.979867
12.664716
15.182572
13.104998
8.588995
3.714012
1.162386
1.998545
2.934142
2.764659
2.29436
0.572013
-2.630028
-5.997174
-8.286758
-7.891506
-5.489974
-3.503082
-2.601882
-1.382354
0.213664
2.922266
5.977339
6.854149
5.328176
2.461975
-0.030864
-1.132816
-0.511169
-1.042132
-3.039655
-5.444312
-6.908996
-6.532505
-6.846455
-8.915273
-11.61762
-13.19425
-12.581984
-10.024728
-8.095373
-6.823937
-5.141614
-4.573126
-6.294848
-9.067865
-11.54757
-13.368731
-13.346216
-12.179221
-10.520038
-7.550019
-4.513708
-2.86203
-2.882042
-2.613745
0.296235
5.293172
10.950529
16.05816
18.410285
17.994396
16.967492
15.599745
14.223869
11.73103
7.116213
2.288136
0.304372
-0.045851
-1.252244
-3.691924
-8.014679
-12.237996
-14.114192
-14.680177
-15.490693
-16.604528
-17.892849
-18.518247
-18.463211
-18.330626
-18.019177
-15.688315
-10.840224
-5.695694
-0.175925
5.686563
10.48087
14.439644
15.778623
13.577221
10.243846
6.388889
3.08741
1.084884
-1.374183
-3.246627
-2.733174
-1.781316
-1.571807
-2.169688
-1.593695
1.036107
4.079923
6.453311
6.253184
5.365119
4.934845
4.037398
3.061777
0.812844
-2.565559
-3.824487
-2.289758
0.276254
2.806617
3.909821
3.529579
2.561463
0.921042
-1.861356
-3.639989
-3.740052
-2.134028
1.285653
4.594012
5.966763
6.037433
6.710363
7.527134
8.432712
8.388935
6.558393
3.759109
0.53643
-3.00958
-5.577466
-6.996496
-7.545595
-5.958958
-3.022711
-0.035181
1.681539
1.309428
1.15558
3.066174
5.86796
8.292632
9.89678
10.231994
9.699155
9.378326
7.963674
4.664072
0.558955
-2.886991
-3.971432
-2.225318
0.492039
2.121204
2.050534
1.727203
3.944242
7.793572
10.783604
11.667292
9.88178
6.504627
3.438923
1.445778
1.225638
2.121835
2.3401
1.759105
-0.097703
-2.960778
-4.489252
-4.602448
-5.495517
-8.06528
-10.82016
-10.930856
-9.169107
-8.064027
-6.730676
-5.344167
-5.003949
-4.616202
-4.629335
-5.120272
-4.924522
-4.591184
-5.159045
-5.322899
-4.291616
-2.793786
-0.428527
1.646546
2.348869
3.742883
6.420216
8.28453
8.139438
6.897397
6.4321
5.219453
2.315102
0.416392
0.186246
-0.294685
-2.143363
-5.292871
-8.466143
-8.97209
-6.589946
-4.179659
-2.901969
-2.347865
-1.614897
-0.916952
-1.319082
-2.637422
-2.700587
-0.543587
2.188155
5.181314
6.566573
6.912419
7.629752
8.340205
8.735458
8.599121
7.981228
6.789844
4.857988
1.851071
-1.022635
-3.176508
-4.806922
-6.633711
-7.99833
-8.629357
-7.638099
-5.055828
-2.080805
0.536489
1.846699
2.475226
3.033082
3.7279
4.956184
6.469649
7.469662
8.558482
9.230161
9.945617
11.206421
11.183908
9.677948
7.795499
5.575334
3.924282
3.812336
4.657875
6.512809
8.646669
8.794264
6.964973
3.451484
-0.967583
-4.939489
-8.366048
-9.369812
-7.390425
-3.786877
-0.560445
-0.133297
-1.437878
-0.758695
1.383296
3.395204
4.504662
4.833622
5.64414
5.806119
4.72543
2.993076
1.534022
1.408942
1.887373
2.118146
2.699767
4.609735
7.717967
9.310858
7.847426
4.960586
2.042476
0.310122
-0.732417
-3.207119
-4.990756
-5.860685
-7.027053
-7.323491
-6.825673
-5.569872
-4.137083
-4.631148
-6.305339
-6.615537
-5.670559
-3.296545
-1.415345
0.103124
2.681018
4.787986
6.806148
8.732377
9.18329
8.744261
8.173897
6.203267
3.625999
1.539044
0.376429
0.288873
-0.809326
-2.615477
-3.621743
-4.561717
-4.753714
-3.155194
-0.895628
2.610983
6.16575
7.209541
6.782394
6.115719
5.699204
5.197635
3.561593
0.879884
-0.219567
0.41834
0.057486
-2.195825
-6.214637
-9.939511
-10.774417
-9.700607
-7.857557
-3.967576
0.924293
4.51158
4.679187
1.924307
-0.571034
-0.997555
0.362062
1.914928
2.318936
1.983723
3.028765
5.10634
7.139511
8.377176
8.314636
6.465333
3.512826
1.133185
-0.856208
-1.825575
-1.650463
-2.191433
-2.963799
-3.392822
-4.69928
-5.706797
-6.519189
-6.878793
-5.484778
-3.077618
-1.758027
-2.716137
-4.933175
-6.774973
-6.896925
-5.743064
-4.045732
-2.716759
-2.001928
-2.105743
-3.461607
-4.38407
-4.577318
-4.750552
-4.77119
-4.173308
-1.905612
1.562849
4.461573
4.666079
1.574734
-2.509119
-5.811224
-9.095192
-12.37916
-14.14466
-12.826319
-9.394756
-7.462273
-7.714934
-7.764965
-4.754295
0.891805
4.913119
6.041338
5.060088
2.512215
0.226383
-1.766137
-3.496614
-4.25147
-5.593575
-7.337812
-8.723069
-10.092692
-8.920694
-5.875627
-3.469718
-0.95624
1.601016
4.709248
8.674276
11.8488
12.884461
12.466695
10.756856
8.239001
5.738032
3.622309
3.66984
4.863726
5.895009
6.921915
6.614844
5.277742
4.941904
4.99819
4.434707
3.04257
1.069437
-0.232017
0.441538
3.547268
7.434747
10.270931
11.960759
12.661831
12.541755
11.96764
9.800008
6.228357
3.115123
1.231422
0.165118
-1.150095
-3.478454
-5.319001
-6.24334
-7.352797
-8.574825
-8.563568
-5.174532
0.869322
6.5592
8.824394
6.972589
3.722393
1.460326
-0.577222
-2.404637
-2.567865
-1.365848
-0.301419
-0.527188
-2.026268
-3.778009
-5.025053
-4.951881
-4.881211
-6.37904
-7.111381
-6.906876
-6.824948
-6.183914
-5.322114
-4.220161
-2.657289
-2.602253
-4.325851
-5.883094
-7.16391
-8.940041
-10.674897
-10.952573
-10.43787
-10.639248
-11.191474
-11.848768
-12.057025
-10.917548
-10.062002
-9.953182
-8.395939
-5.833054
-2.821134
0.542261
2.332153
2.233965
0.210801
-3.919957
-9.711773
-14.691197
-16.686219
-16.592408
-15.599275
-14.639912
-13.212127
-10.66988
-7.935637
-5.634169
-3.006869
-0.001827
2.814343
5.040138
6.480432
6.768741
5.390363
3.004467
0.52226
-2.044375
-4.099435
-5.499077
-7.993166
-10.038845
-10.679878
-10.632972
-9.87624
-8.314618
-4.357095
2.028226
9.474223
15.414886
17.540617
17.024038
17.180388
17.978398
17.767639
17.145368
16.717595
16.948993
16.862064
14.693181
11.229724
7.361634
2.829995
-1.372684
-3.589096
-2.862382
-0.724143
0.829973
1.211467
0.010076
-1.274492
-1.93804
-2.916163
-3.898038
-2.934924
0.989454
6.374762
11.51554
14.751979
14.868929
11.871394
6.407286
-0.230696
-5.092544
-7.443418
-7.370245
-5.165714
-3.004961
-1.694125
-2.159421
-4.286402
-5.408992
-4.816739
-2.684129
1.684282
5.271569
7.497364
9.045226
8.407945
6.297225
2.909441
-1.248209
-4.190709
-5.885539
-7.648538
-9.540368
-11.129506
-10.319614
-5.864273
-1.022436
2.374105
4.512969
4.793148
4.907596
4.714974
3.189627
1.66303
0.020733
-2.843592
-6.106922
-9.225159
-10.900602
-10.165758
-9.143231
-8.401507
-8.260167
-8.363357
-7.268283
-5.136924
-2.662846
-0.30134
1.168347
1.868169
0.973224
-2.037445
-4.902396
-6.352695
-7.936204
-9.510957
-9.565992
-8.694185
-6.398972
-3.380797
-1.264447
-0.293828
0.476038
3.032669
7.315399
10.883925
12.546235
11.830154
8.663136
5.902001
4.683725
4.819437
6.596195
7.523036
6.958927
5.776924
3.810671
3.194654
4.376658
5.549281
6.010201
4.357272
0.568608
-3.188787
-6.836737
-9.900565
-11.46969
-11.775509
-10.511578
-7.660385
-2.563385
4.478605
10.731967
14.774545
17.905917
19.434392
18.454392
16.281758
13.72763
11.190388
8.850147
6.272254
3.828196
2.337246
2.165262
2.872589
3.721881
4.907637
7.192219
11.060936
15.919033
20.631413
22.812179
20.914094
15.897147
8.955222
2.745013
0.128971
-1.459541
-3.65469
-4.574026
-2.762871
2.098354
6.160319
7.56559
7.854525
6.831999
6.021483
5.870762
5.269129
5.626232
6.762582
6.012104
2.265341
-2.765365
-6.920514
-9.004967
-9.846753
-10.347072
-10.143191
-7.630339
-3.879197
-2.164353
-2.617766
-3.535226
-3.947363
-4.316973
-5.696602
-8.202574
-9.823607
-9.800467
-9.627856
-9.817351
-9.013088
-6.035565
-2.342585
-1.443886
-3.308825
-5.009909
-4.342608
-1.485786
-0.212474
-1.335064
-1.802236
0.229059
3.697521
6.250399
7.069672
6.236641
3.951435
0.076465
-4.315709
-7.073091
-6.597163
-2.468905
2.302262
4.947699
5.860156
5.209117
3.381077
1.797568
0.931391
1.190932
2.856995
3.758195
2.786326
0.778171
-1.197463
-0.724661
1.701261
3.970208
5.923954
7.477445
7.409277
5.411129
1.463613
-3.478287
-7.962395
-11.75106
-13.943707
-14.711071
-14.340834
-13.812372
-13.867407
-13.185096
-11.178817
-8.187534
-4.977362
-2.617732
-1.356303
-0.67024
0.569926
1.821975
2.365447
3.079028
4.409877
5.785754
6.956501
7.419297
6.472444
4.750096
2.414858
-1.049225
-4.678413
-6.403888
-6.75411
-6.328213
-5.270664
-3.859764
-1.879125
-0.303746
-0.344396
-1.609577
-2.191197
-1.133647
0.382945
1.324796
1.406724
0.91391
0.247861
-0.979796
-3.012341
-4.951077
-5.610872
-5.49955
-4.755326
-3.211216
-0.488229
1.875153
2.673162
2.576226
2.144076
2.227255
2.835768
3.85767
5.114722
6.698857
7.032195
4.943364
1.03775
-3.20683
-5.487034
-5.901047
-5.897294
-5.340063
-3.538289
-0.688347
2.310441
3.890824
3.027774
1.781355
2.613761
6.104112
11.788986
16.106739
16.700869
14.999159
11.989116
8.491887
4.690089
1.111558
-2.158026
-5.507035
-8.762235
-12.052457
-14.797957
-16.267018
-15.946813
-14.750425
-12.999933
-10.655938
-8.009876
-5.435735
-3.392556
-1.426928
0.87454
3.511847
5.670723
6.048465
4.376775
1.78825
-0.578258
-2.249323
-2.868467
-2.65458
-2.224305
-1.039174
0.71507
2.626288
4.673844
5.995312
6.581311
6.318644
5.209188
4.762028
5.553783
6.656362
7.387453
7.390581
6.713275
5.634462
3.965274
1.184126
-2.398157
-5.219955
-6.889769
-6.975448
-5.940413
-5.319391
-5.257476
-5.740909
-6.13491
-5.801572
-5.311884
-5.519516
-5.891628
-5.213069
-3.234933
-1.041659
0.002757
-0.786495
-2.35562
-3.068574
-2.991024
-2.959754
-2.298707
-0.366224
1.736992
2.996546
2.944013
1.515602
-1.161103
-3.803412
-4.941012
-4.633941
-3.133609
-0.289295
2.759524
4.651981
5.551305
5.922792
6.39622
6.839628
7.383725
8.266789
8.596374
8.739591
8.850287
8.386867
7.012242
4.720156
2.311746
0.893342
0.984026
2.229195
3.676368
4.641984
5.367447
5.398718
3.71452
0.204783
-3.783384
-7.178048
-9.381327
-10.019858
-9.974204
-9.861632
-9.243112
-8.342537
-7.712135
-6.961656
-4.962256
-1.222371
3.49251
7.276173
8.345605
6.917195
4.610725
2.511262
0.957773
0.28547
0.07346
-0.420604
-2.017872
-4.810277
-8.072981
-10.342553
-10.645245
-8.834715
-5.877204
-3.046024
-0.100396
2.585692
4.388717
5.241762
5.312432
5.637015
6.063537
5.877794
6.000998
6.114821
6.032269
6.421268
6.688939
5.884677
4.219241
2.356178
0.429325
-1.631988
-3.489422
-4.693939
-4.895942
-3.987237
-2.678903
-1.154806
0.227326
0.727645
0.730148
0.843971
1.436224
2.525669
2.483142
0.451222
-2.356817
-5.366861
-8.229935
-9.931019
-10.594567
-9.426321
-5.977873
-2.241115
0.281119
1.73267
3.124808
4.960353
6.65706
7.194904
6.973513
6.160495
4.555723
1.730172
-2.467503
-6.812773
-9.817188
-10.654596
-10.216816
-8.70898
-5.795872
-2.433103
0.3149
1.915921
2.785851
4.033522
5.123592
4.41314
1.810856
-1.336149
-3.652625
-5.034131
-5.418125
-5.049139
-3.308654
0.545679
4.112953
6.249316
6.899105
5.939744
3.776491
0.685771
-1.154151
-1.134763
-1.029696
-1.475605
-2.170422
-2.566299
-2.554416
-2.546911
-2.853981
-3.225467
-3.069742
-2.378051
-2.137272
-1.707622
-0.276084
1.289915
2.047273
1.06915
-0.778903
-1.912125
-1.387415
-0.531869
-0.606291
-0.890846
-1.130374
-0.751381
0.219238
1.39061
2.565735
3.386884
3.804025
3.81841
3.047919
1.443772
-0.47495
-2.291108
-3.506257
-3.8102
-2.622567
-0.351119
1.57636
2.323087
1.829648
0.570721
-1.171639
-2.416808
-2.803929
-2.851459
-2.717623
-2.763276
-3.097239
-3.349274
-3.050333
-2.196663
-1.050932
-0.028405
-0.142227
-1.539367
-2.795792
-3.064088
-2.16664
-0.449295
1.206136
2.906596
4.294981
5.548281
6.659615
6.286878
5.494498
5.526394
6.5164
8.315048
9.077409
8.148067
6.644609
4.406933
1.880949
-0.957736
-3.515616
-4.037823
-4.090356
-4.461217
-5.180425
-6.272996
-6.15542
-4.506244
-2.270443
0.241159
2.440687
3.840955
4.974178
5.26624
4.822207
3.832201
2.705233
2.16614
1.892842
0.905963
-1.519333
-4.191035
-6.381181
-7.510025
-7.755806
-7.562558
-6.431211
-4.255448
-1.967739
-0.842021
-1.438025
-3.075319
-4.146626
-4.096594
-3.603779
-3.304838
-2.651296
-1.64753
-1.332329
-2.242283
-3.518096
-4.080955
-3.842052
-3.655057
-3.90334
-4.05281
-3.98339
-3.939611
-4.054684
-3.935858
-2.667549
-0.547447
1.65771
3.418207
4.169312
5.13743
6.293167
6.645892
6.231253
4.951063
3.168677
1.136132
-0.853886
-1.54245
-0.755072
0.869714
2.563294
3.724035
4.690276
5.227494
5.564585
6.165593
7.048031
7.95486
8.59652
8.339481
6.981741
5.081155
2.835974
1.15803
0.458835
0.435696
1.375671
2.844107
4.239998
5.3801
5.698428
5.078033
3.395086
1.404443
-0.659998
-3.105932
-5.349236
-7.28547
-8.169158
-7.420555
-5.341104
-2.508047
0.509502
3.002342
4.488289
4.661525
3.310665
1.170551
-1.182198
-3.144699
-3.995241
-3.833262
-3.326063
-2.774461
-2.428615
-2.451129
-2.488027
-2.696909
-2.032735
-0.480495
1.306269
2.746563
2.964828
2.792218
2.235614
1.379444
-0.167792
-1.833228
-2.74631
-2.613725
-1.291006
0.398822
2.063633
3.154955
3.784106
4.42514
5.248791
5.976756
6.035544
4.933592
3.976107
3.703434
3.215623
2.144316
0.378816
-1.503009
-2.961438
-3.833868
-4.766963
-5.743835
-5.564345
-3.984587
-1.988314
-0.874479
-0.596176
-0.245326
0.204336
0.737176
0.729672
0.679015
1.318798
2.578352
3.676552
3.814766
2.783484
0.899158
-0.407299
-1.676232
-3.214713
-4.322919
-5.034622
-5.122177
-4.406095
-3.114646
-1.282853
0.551442
2.137454
3.834786
5.472706
6.573408
6.818565
6.280097
5.580902
5.305727
5.47396
5.376398
4.644057
3.769125
2.645909
1.270032
-0.649316
-2.234075
-2.528012
-1.975159
-0.998286
-0.080826
0.285033
-0.00265
-0.603657
-0.544244
0.946707
2.842916
4.08621
4.580901
4.165636
3.071815
2.091815
1.149965
-0.067685
-1.072701
-1.374768
-1.796286
-2.26596
-2.825691
-3.190298
-2.634318
-2.447323
-2.326621
-2.078962
-1.626173
-0.692452
0.350088
0.978614
0.838525
0.835399
0.838526
0.574609
0.136205
-0.659927
-1.640552
-2.104597
-1.967009
-1.995151
-2.11898
-2.236554
-2.817549
-3.76878
-4.357905
-4.524261
-3.70061
-1.896334
-0.011382
2.201904
4.020564
4.86798
4.58405
2.962391
0.822278
-0.97887
-1.993892
-2.227165
-2.038919
-1.704331
-1.163986
-0.580488
-0.009499
0.347605
0.140598
-0.360346
-1.251538
-2.229036
-2.749367
-3.179015
-3.32098
-3.718108
-4.234061
-3.881336
-2.958247
-1.997634
-1.320952
-1.138961
-1.360977
-1.369732
-1.135832
-0.822507
-0.648645
-0.493546
-0.370967
-0.287163
0.237547
1.390157
2.438326
2.562155
2.130631
1.411423
1.284467
1.653453
1.733505
1.916121
1.948643
2.041202
1.979914
1.128121
0.428926
0.369514
0.835436
2.048085
3.807957
6.057517
8.205762
9.415909
9.646682
8.787384
7.662293
6.703557
5.661643
4.302652
2.144402
-0.781213
-4.005142
-6.579908
-7.988931
-7.672479
-5.909479
-3.785625
-2.127067
-1.328432
-0.912542
-0.305904
0.453956
1.289489
2.226337
2.681002
2.246976
0.916753
-0.352806
-1.155192
-1.748694
-2.023244
-2.077028
-1.794347
-1.045119
-0.341545
-0.399706
-1.120165
-1.786214
-1.767452
-2.054509
-2.559205
-2.210858
-1.735554
-1.52542
-1.909414
-2.977594
-3.52857
-3.661779
-3.811249
-3.214618
-2.237745
-1.035103
0.286365
0.554036
-0.31089
-1.294641
-2.063256
-2.553568
-2.437868
-1.614218
0.025578
1.659745
2.411475
2.34831
2.423984
3.238254
4.0938
4.233264
3.195103
1.430228
-0.733025
-3.546693
-5.927586
-6.974503
-6.79814
-5.63865
-4.445389
-3.886907
-3.683027
-2.838738
-1.102005
0.692264
1.920548
2.272022
1.886152
1.030607
-0.210809
-1.790566
-2.956308
-3.713665
-4.946951
-6.042024
-6.493561
-5.960721
-5.253394
-5.000107
-5.108926
-5.310304
-5.406615
-5.825006
-6.327201
-7.008259
-6.980741
-6.34346
-5.609866
-4.673019
-3.733044
-2.719272
-1.978174
-2.674868
-4.20897
-5.232747
-5.551075
-5.129555
-4.095145
-2.626709
-1.038821
0.26451
0.918053
1.021869
0.929936
1.23263
1.427755
1.468406
1.95184
2.664169
2.871802
2.731713
2.191995
1.410872
1.089418
0.484658
-0.22767
-0.132609
0.628501
1.737334
2.399006
2.178866
2.367112
3.277693
4.230801
4.496596
3.584765
2.05379
0.462151
-0.990025
-1.724868
-1.634184
-0.962506
0.01812
0.67604
1.18449
1.751727
2.014395
2.077561
2.208895
2.701084
3.950006
5.410312
6.616082
7.945054
9.17709
9.561711
8.522924
6.690507
4.99255
3.900604
3.694849
4.196419
5.043209
5.973803
6.176433
5.453472
4.614813
3.709236
2.913104
1.567872
-0.095688
-1.02628
-1.318966
-1.70984
-2.210784
-2.411536
-2.018785
-0.999385
-0.346468
-0.15447
-0.376486
-0.859919
-1.134469
-1.218897
-1.631659
-1.956241
-2.173254
-2.55975
-2.544114
-2.682327
-3.371515
-4.285222
-5.098866
-5.123256
-4.213925
-3.412164
-2.971883
-2.476566
-1.949355
-1.557229
-1.657918
-1.993131
-1.987502
-1.735466
-1.597877
-1.419013
-1.112567
-0.273907
1.326489
3.04446
5.23273
7.965723
10.656814
12.437325
12.37416
11.295973
10.261564
8.496064
6.313423
4.198326
2.071971
0.687964
-0.614741
-2.380867
-3.04629
-2.111319
-0.709174
0.302721
0.263947
-0.330181
-0.505292
-0.151316
-0.15882
0.182648
1.626694
3.954428
6.133318
6.951965
6.489796
5.848763
5.485407
4.618605
3.429723
1.568537
0.069457
-0.255125
0.077588
0.965029
1.524136
1.117002
0.195165
-0.4565
-0.413347
0.611057
2.05823
3.008211
3.841868
4.353444
4.22086
3.449119
1.532273
-0.732296
-2.636634
-4.452791
-5.883703
-6.533492
-6.02942
-4.184493
-2.296414
-1.462132
-1.285143
-0.676004
0.243332
1.127021
1.633594
2.295892
3.971336
6.60489
8.821304
8.826307
7.360999
5.462289
3.948199
2.955067
1.881883
0.672988
-0.022455
-0.200068
-0.390814
-0.913021
-1.253237
-1.007455
-0.352037
0.430337
0.791193
0.348411
-0.334524
-0.274485
0.113263
0.492255
0.946295
1.664879
2.629869
3.168338
2.05638
-0.545904
-3.797976
-6.76174
-9.017553
-10.719262
-11.305886
-10.910008
-9.364022
-6.976249
-5.128195
-4.465897
-4.412113
-4.451512
-4.776094
-5.34333
-5.754841
-5.722946
-4.22449
-0.913629
2.411617
3.910073
3.189614
1.282774
-0.820442
-2.465865
-3.301397
-3.521537
-3.026846
-1.73915
-0.116239
0.559817
0.298401
-0.229435
-0.992421
-1.333888
-1.256338
-0.365144
1.245258
2.853158
4.140855
4.449177
4.494206
4.826293
4.609906
3.643665
2.561726
1.634886
0.947573
0.505417
-0.191902
-1.201295
-2.039954
-2.805442
-3.795447
-4.824228
-5.699785
-6.297041
-5.926179
-4.72166
-3.50651
-2.301366
-1.218801
0.147071
1.535456
2.334091
2.752483
2.993262
3.606154
4.307226
4.423551
4.127112
3.706845
3.241549
2.244038
0.226503
-1.890471
-2.647203
-1.769143
0.095796
1.973244
3.118975
3.345995
2.595517
1.589877
0.913821
0.074537
-1.046177
-1.873579
-2.163764
-2.363265
-2.495224
-2.124987
-2.045561
-2.166888
-2.334494
-2.630307
-2.087461
-1.084321
0.274046
1.816279
2.699343
2.790652
2.290333
1.332223
0.664298
0.296564
0.142716
0.774369
1.484197
1.784389
1.550491
0.404761
-1.148729
-2.267567
-2.788523
-2.705345
-2.515223
-2.301336
-1.579626
-0.838528
-1.438284
-3.078079
-4.354517
-4.876725
-4.544012
-4.074337
-4.106857
-3.390775
-1.239403
1.035172
2.462958
2.481095
1.560509
0.4473
-0.837894
-2.310708
-2.90421
-1.864797
-0.231255
0.589268
-0.116181
-1.514572
-2.615273
-3.021156
-2.717212
-1.752221
-0.206861
1.350383
1.75314
0.791277
-1.242519
-3.5665
-5.309485
-5.848579
-4.47958
-1.351961
2.148396
4.649366
5.928932
5.437369
3.593695
0.945132
-1.836016
-3.515836
-3.465178
-1.789109
0.458574
2.166538
3.099008
3.311644
2.842596
2.073356
1.130881
0.342254
0.417927
1.402305
2.858234
4.163442
4.620609
4.266634
3.012084
1.267848
-0.458877
-1.96171
-2.652775
-1.978595
-0.232481
1.427328
1.907634
0.641828
-2.041132
-4.884819
-6.769145
-7.524001
-7.263209
-6.46645
-4.81102
-2.304421
0.244079
2.033971
2.718783
2.843238
2.529913
1.917649
1.237841
0.619322
0.441709
0.830082
1.022706
0.732521
0.231578
-0.134906
-0.11114
0.242211
0.88387
1.746296
2.822607
3.64188
3.746948
2.725047
0.669362
-1.558933
-2.679647
-2.399468
-1.136162
0.498005
1.404834
1.988331
2.559321
2.311038
1.017089
-0.809075
-2.381327
-2.914166
-3.005473
-3.216232
-3.345064
-3.381337
-3.300034
-3.665892
-4.194979
-3.707793
-1.952298
0.421091
2.559955
3.942712
4.560606
4.87143
4.948354
4.009006
2.134687
-0.132383
-2.348795
-3.918546
-4.322553
-3.718417
-2.74342
-1.530146
-0.320624
0.93205
2.449268
3.380487
3.217258
2.493672
1.135307
-0.645828
-1.927269
-2.416331
-2.158666
-1.297491
-0.372526
0.251622
0.461131
0.210347
-0.224304
-0.920998
-1.799683
-1.924762
-1.147391
0.035864
1.297919
2.274792
3.260421
4.52873
5.543753
6.102235
6.137883
5.67071
4.934617
4.016532
2.99338
2.235398
1.902686
1.872667
1.76635
1.03651
-0.034797
-1.046692
-1.762773
-1.954144
-1.692101
-1.338751
-1.301226
-1.788411
-2.661467
-3.703381
-4.091753
-3.962295
-3.896628
-3.886621
-4.293755
-4.971061
-5.822228
-6.549566
-6.375705
-5.004205
-3.048583
-1.340618
-0.385634
-0.181754
0.072159
0.553091
0.947718
1.581247
2.37738
3.187898
3.760763
3.448065
2.616285
1.970249
1.316707
0.54309
-0.340598
-0.849047
-0.216143
1.343602
2.508095
2.616915
2.172882
1.969003
2.184141
1.970255
0.99776
-0.209259
-0.843412
-0.963488
-1.089818
-1.54761
-1.929728
-1.630161
-0.969114
-0.660167
-0.621392
-0.346216
0.489943
1.725106
2.563141
2.792663
2.2617
1.064062
-0.473168
-2.171125
-3.263696
-3.679585
-3.846566
-3.69647
-3.291837
-2.776508
-2.202391
-1.57449
-0.789614
0.412403
2.00717
3.512505
4.451854
4.94592
5.1892
5.409341
5.340548
4.782067
4.411832
3.872113
2.599428
1.017795
-0.795861
-2.257417
-2.540722
-2.26367
-1.760224
-1.361844
-1.690803
-1.977861
-1.603872
-0.911555
-0.279902
-0.151069
-0.737067
-1.312433
-1.475037
-1.807123
-2.029139
-1.888423
-1.514435
-0.823368
0.40554
1.431195
2.0666
2.717016
2.620705
2.495626
2.088492
1.232947
0.518116
-0.343682
-0.815858
-0.705787
-0.528173
-0.5313
-0.391835
-0.395587
-0.438114
-0.454999
-0.357436
0.097229
0.809559
1.235456
1.139145
0.864595
0.545642
0.316122
-0.182946
-0.648242
-0.947808
-0.590704
-0.103518
0.271096
0.673228
1.005315
1.51439
1.582559
1.34053
1.007194
0.594431
-0.002199
-0.557552
-1.450621
-2.103537
-2.28115
-2.179835
-1.244863
-0.201072
0.508131
0.798316
0.461227
0.01094
-0.230463
-0.358669
-0.087246
0.381178
0.859609
1.408709
1.568187
1.598832
1.695144
1.242981
0.289248
-0.798319
-1.562556
-1.87588
-1.537539
-0.93653
-0.506256
-0.13727
0.436847
1.036605
1.134167
1.206089
1.312407
1.498151
2.176709
2.830877
3.311183
3.900309
3.79024
3.705186
4.150471
4.414389
4.708953
4.644537
4.008507
3.711443
3.728955
3.402497
3.478171
3.69581
3.643277
3.633897
3.368728
3.214881
3.163599
3.019758
2.739579
2.298674
2.07916
1.943449
1.408108
0.904037
0.640745
0.087267
-0.555017
-1.593178
-2.359291
-2.048467
-1.5125
-1.219813
-1.161025
-1.025938
-0.718867
-0.858956
-1.57191
-2.015942
-2.298622
-2.43746
-2.339272
-2.413068
-2.217318
-1.718875
-1.418683
-1.074088
-0.486838
-0.20103
0.046003
0.297414
0.260516
0.499419
0.585099
0.141692
-0.680082
-1.563769
-1.882097
-1.869588
-1.721994
-1.341125
-0.738241
0.173591
1.359973
2.434409
3.105462
3.134856
2.837792
2.569497
2.066677
1.459415
0.501305
-0.601272
-1.221667
-1.314226
-1.148495
-0.665061
-0.228532
0.154212
1.019139
1.86718
2.31309
2.044169
1.290564
0.596372
0.125448
-0.504954
-1.55062
-2.942131
-4.077855
-4.829583
-4.964669
-4.534394
-4.191675
-3.502485
-3.021553
-2.862076
-2.660072
-2.777646
-2.848316
-2.639432
-2.412412
-2.084702
-1.743234
-1.034657
-0.054031
0.490066
1.199894
2.412543
3.538261
4.408817
4.639589
4.147401
3.303739
2.115482
0.548233
-1.132838
-2.541235
-3.271701
-3.424923
-3.09221
-2.454303
-1.928968
-1.535591
-2.047167
-2.728851
-2.896457
-2.519967
-1.236648
-0.249768
0.125471
0.084821
-0.257897
-0.477411
-0.679415
-0.300422
0.697089
1.703356
2.308742
2.258711
1.64457
1.166766
0.997284
0.894093
1.263079
1.458829
1.119864
0.818422
0.87721
1.435692
2.185545
2.241206
1.632068
0.962267
0.562638
0.31498
0.123609
-0.432995
-0.823869
-0.655011
-0.967084
-1.611244
-2.321697
-2.661913
-2.526827
-2.333578
-2.185983
-2.224132
-2.731955
-2.783237
-2.665662
-2.546836
-1.795731
-1.250383
-0.724422
-0.548685
-0.923923
-0.888275
-0.406718
-0.127789
0.393794
1.01419
1.562665
2.037343
1.633336
1.019195
0.772789
0.776541
0.782171
0.349395
-0.070872
0.225567
1.029831
1.689001
1.900387
1.838473
1.749667
1.300005
0.957913
0.428201
-1.04086
-2.368581
-3.603118
-4.424891
-4.199122
-3.871412
-3.787608
-3.494296
-3.145948
-2.466765
-2.015852
-2.124045
-1.718786
-1.39608
-1.299768
-1.403584
-1.847616
-1.741298
-1.443608
-1.576817
-1.432349
-1.172808
-0.601819
0.138028
0.33628
0.199318
0.147411
0.326901
-0.077106
-0.544904
-0.582427
-0.580551
-0.875738
-1.346037
-1.410453
-1.259731
-1.060854
-1.117139
-0.9783
-0.214063
0.55768
1.065504
1.493903
1.768453
1.979213
2.336316
2.093662
1.41448
0.802215
0.571443
0.595209
0.600838
0.475134
0.262498
0.128664
-0.456084
-1.497372
-2.232215
-1.91889
-1.289113
-0.401046
0.127417
0.184954
0.325044
0.182453
-0.030182
-0.423557
-0.755643
-0.989542
-1.528635
-2.228456
-2.226579
-2.110254
-1.624944
-0.392283
0.62274
1.82976
2.62089
2.391369
2.169353
1.936705
1.720318
1.784734
1.420753
0.721557
0.15995
-0.436054
-1.32412
-2.138389
-2.845714
-3.508636
-3.79757
-3.515514
-2.851341
-1.836943
-1.015169
-1.115858
-1.351007
-1.010164
-0.590521
-0.394771
0.103047
0.750335
1.790374
2.923597
3.462691
3.635302
3.678455
3.234422
2.728475
2.420779
2.104328
2.231285
2.133098
1.765989
1.304445
1.144344
0.826016
-0.157735
-1.322852
-1.825672
-1.848812
-1.9889
-2.000783
-1.785645
-1.665568
-2.315356
-3.125247
-4.013313
-4.272853
-3.718124
-3.401671
-3.439195
-3.293476
-2.371013
-1.015773
0.079926
1.107456
2.619671
4.031196
5.210699
5.891758
5.648479
5.526527
5.223834
4.79356
4.231953
3.280097
2.327615
1.367003
0.453296
-0.000117
-0.312191
-0.686804
-0.756223
-0.679924
0.133721
0.214398
0.031782
-0.028881
-0.300304
-0.265281
-0.501681
-1.031393
-1.559855
-1.364105
-1.026389
-0.936331
-0.887549
-0.776228
-0.714313
-0.538575
-0.66428
-1.038893
-0.457272
-0.080781
-0.352204
-0.50355
-0.766217
-0.532942
-0.66365
-1.316566
-1.424759
-1.177726
-0.941325
-1.09142
-1.129569
-0.643634
0.033048
0.451441
0.139367
-0.397224
-0.516675
-0.551697
-0.554198
-0.501039
-0.248377
0.723493
2.218197
3.921783
5.442753
5.898669
5.444631
4.36019
3.04185
2.20194
1.492738
0.759146
0.459581
0.106231
-0.278389
-0.479767
-1.092657
-1.516051
-1.512298
-1.46039
-1.067013
-0.849374
-1.247752
-1.522302
-1.43412
-1.095779
-0.812473
-1.075765
-1.851884
-2.55921
-2.746204
-2.821876
-2.718685
-1.908793
-0.940675
0.084354
0.981176
1.781061
3.265758
4.519058
5.01625
5.237642
5.432141
5.469666
5.512819
5.453407
4.883669
4.162585
3.524679
2.994966
2.870513
2.863634
2.613475
2.77733
2.763572
2.450247
2.12379
1.647862
1.241979
0.844226
0.702886
0.303257
-0.444719
-1.243353
-2.041361
-2.297774
-2.242739
-2.077633
-1.444103
-0.699253
-0.298372
-0.40594
-0.995065
-1.704267
-2.23648
-2.839364
-3.435369
-3.566076
-3.438495
-3.045744
-2.192074
-1.122016
-0.157651
0.707901
1.361444
1.442746
1.41648
1.586589
1.239493
0.511529
-0.07697
-0.577914
-0.8706
-1.377173
-2.594198
-3.062621
-3.087011
-3.280884
-2.985695
-3.223972
-3.12078
-2.347787
-1.877487
-1.80494
-1.911257
-1.79118
-1.220191
-1.188295
-1.793055
-2.106379
-2.605447
-3.2396
-3.974443
-4.779331
-4.897531
-4.452872
-4.125162
-3.788697
-3.302137
-2.397184
-1.611683
-1.262085
-0.6198
0.478401
1.925574
3.15761
3.65793
4.202652
4.380892
3.776132
3.003765
2.594129
3.110084
4.118227
4.65607
4.446562
3.935612
2.995638
1.976864
1.076916
0.648519
0.937453
1.928085
2.575373
2.617901
2.678565
2.400263
1.653538
0.647272
-0.039415
-0.112586
0.427759
0.614753
0.222629
-0.580383
-1.36088
-1.632927
-1.387771
-0.794892
-0.363367
0.079416
0.564101
1.527841
2.755499
3.489092
4.047574
4.130752
3.612923
3.233931
2.75175
1.909338
1.380251
0.448408
-0.340219
-0.707953
-1.118214
-1.003766
-1.055048
-1.229534
-1.191384
-1.126967
-1.262678
-1.168243
-1.166991
-1.021273
-0.73484
-0.589121
-0.247653
-0.025011
0.692948
1.26081
1.084448
0.761118
0.30958
-0.362723
-1.071299
-1.697322
-1.851795
-1.568489
-1.011259
-0.523447
-0.138826
0.631665
1.046931
0.875572
0.487825
0.375879
0.7605
1.263321
1.313354
0.973137
0.57726
0.188888
-0.220122
-0.651646
-0.766719
-0.652896
-0.622876
-0.923067
-1.279544
-1.31269
-0.998114
-0.696671
-0.404609
-0.00623
0.67483
1.4497
1.950644
2.106995
2.203307
2.222694
1.714871
1.631694
1.892485
1.821816
1.754273
1.335257
0.654198
0.359636
0.139496
-0.055002
0.027551
0.176396
0.349632
0.687348
0.555389
0.197662
0.180777
0.265831
0.449074
0.412801
0.282093
0.031934
-0.400841
-0.504031
-0.602844
-1.130054
-1.592223
-1.969338
-2.046887
-1.470894
-1.148188
-1.439623
-1.936815
-2.501549
-2.454644
-2.125058
-2.017489
-1.644126
-1.107533
-0.221343
0.778045
1.110132
1.235213
1.325896
1.02508
0.634206
0.045081
-0.432098
-0.594701
-0.68851
-0.832977
-1.235733
-1.759817
-2.103785
-2.244499
-2.148188
-1.581576
-0.849233
-0.387063
-0.324523
-0.484624
-0.522773
-0.338905
0.148281
0.72615
1.38407
2.35594
2.949443
3.173962
3.183969
2.833746
2.190837
1.328413
0.683002
0.512894
0.769308
1.379698
2.085148
2.38534
2.37721
2.297785
2.056382
1.657378
1.077008
0.167679
-0.862352
-1.686002
-2.056237
-2.205707
-1.953045
-1.372049
-0.992432
-0.750402
-0.777919
-0.714753
-0.406431
-0.286979
-0.613437
-1.473985
-2.463991
-3.309529
-4.143811
-4.500913
-4.1288
-3.555934
-3.025596
-2.529654
-1.928645
-1.083106
-0.328874
0.251496
0.275262
-0.362644
-1.097487
-1.649088
-1.777295
-1.775418
-1.847964
-2.008065
-2.03183
-1.564031
-1.084975
-1.286353
-1.993678
-2.634711
-2.729146
-2.293868
-1.976165
-1.955526
-2.120631
-2.178167
-2.115001
-1.896111
-1.29823
-0.533367
0.21336
0.532939
0.609238
0.585474
0.60236
0.478532
0.323433
0.48166
0.44226
0.410991
0.032625
-0.350118
-0.550871
-1.10685
-2.132503
-3.273855
-3.835463
-3.568417
-2.951148
-2.745391
-2.570279
-2.525875
-2.562148
-2.720999
-3.104367
-3.305745
-3.036198
-2.424557
-1.862323
-1.102464
-0.258175
0.504187
1.009509
1.420397
2.088323
3.076454
4.48923
5.407941
5.367291
5.063347
4.774414
4.233444
3.634938
2.916356
2.201526
1.958871
1.903837
2.242178
2.616792
2.706225
2.301593
1.297203
0.058289
-0.809764
-1.07806
-1.185628
-1.211269
-1.118709
-0.971115
-0.895441
-0.846659
-0.892938
-0.722829
-0.495184
-0.520824
-0.732209
-0.83665
-0.631518
-0.452028
-0.472041
-0.560221
-0.413252
-0.006117
0.393513
0.565498
0.447299
0.200267
-0.088667
-0.260651
-0.176847
0.081443
0.245923
0.271565
0.131476
-0.097419
-0.214368
-0.431381
-0.607117
-0.56584
-0.350703
-0.023619
0.32598
0.470447
0.55988
0.519229
0.427922
0.45544
0.542996
0.809417
1.110859
1.083968
0.833809
0.536745
0.486713
0.671207
0.637436
0.675585
0.703104
0.733749
0.418548
-0.048624
-0.340685
-0.533932
-0.802853
-1.226873
-1.815998
-2.256904
-2.233763
-2.405748
-2.307559
-1.806615
-1.241254
-0.39759
0.314739
0.633693
1.117127
1.462973
1.625577
2.068985
2.514895
2.693134
2.479248
2.045222
1.63371
1.267853
1.062097
1.280987
1.565544
1.509259
1.246592
0.838832
0.588673
0.717506
0.788802
0.813193
0.936397
1.256602
1.59807
1.61996
1.714395
1.94892
2.513656
3.128423
3.415482
3.516797
3.667519
3.880155
3.610608
3.211605
3.091529
2.980208
2.533674
1.994581
1.522405
1.193446
1.192821
1.267244
0.955796
0.439217
0.382307
0.517393
0.653105
1.031472
1.130286
0.790695
0.458608
0.023957
-0.250593
-0.488244
-1.125524
-1.925409
-2.652747
-3.109287
-3.355069
-3.578961
-3.518922
-3.06113
-2.219968
-1.219955
-0.722762
-0.384421
-0.045454
0.310398
0.666876
0.556806
0.468
0.712531
0.932047
1.110911
1.081518
0.77695
0.5812
0.260371
-0.069839
-0.291855
-0.515747
-0.540762
-0.335006
-0.822816
-1.461348
-1.293115
-1.136139
-0.971033
-1.006055
-1.037325
-0.656456
-0.224931
0.030232
0.028357
-0.17177
-0.138624
0.029609
-0.293721
-0.760894
-0.991665
-1.113618
-1.201798
-1.316871
-1.646456
-1.555147
-0.953513
-0.548879
-0.382523
-0.509478
-0.535119
-0.665827
-0.794033
-0.70335
-0.600158
-0.33624
-0.192397
-0.376264
-0.594528
-0.854068
-1.178649
-1.536377
-1.876593
-1.830313
-1.792788
-1.78841
-1.911613
-1.893476
-1.727119
-1.695224
-1.620801
-1.39378
-0.871572
-0.341859
-0.336855
-0.301207
-0.006018
0.124065
0.050269
-0.281817
-0.5695
-0.57075
-0.481318
-0.958497
-1.451936
-1.610161
-1.219912
-0.988514
-1.155494
-1.124224
-0.717714
-0.075429
0.372357
0.531834
0.656289
1.022773
1.124713
1.382378
1.530598
1.965876
2.659444
2.823299
2.536867
2.204781
2.299842
2.360506
2.559383
2.953385
3.197916
3.384286
3.184159
2.543751
2.197906
2.086585
1.813912
1.694462
1.717602
1.717602
1.80766
1.583768
1.156621
0.971504
1.146616
1.44243
1.670701
2.07596
2.496854
2.558769
2.137876
1.454316
0.728228
0.215402
-0.19611
-0.656403
-0.894054
-0.876542
-0.658277
-0.289917
0.102834
0.397397
0.558125
0.721355
0.979645
1.144125
1.018421
0.644433
0.214785
-0.021616
-0.199854
-0.468775
-0.959087
-1.399367
-1.776482
-2.113571
-2.298063
-2.406882
-2.480053
-2.430646
-2.031016
-1.72457
-1.552585
-1.794614
-2.017255
-2.079794
-2.229889
-2.359972
-2.439397
-2.358095
-2.211751
-2.051023
-1.885292
-1.671405
-1.463772
-1.017237
-0.778959
-0.8046
-0.942813
-1.117298
-1.16045
-1.080399
-0.914042
-0.490021
-0.106651
0.346138
1.08536
1.862105
2.449981
2.805208
3.252368
3.487519
3.498151
3.367443
3.102275
2.856493
2.67763
2.327407
2.271122
2.249859
1.995322
1.602572
1.160416
0.697621
0.292989
0.149773
-0.043475
-0.000321
0.132264
0.041581
-0.26674
-0.377435
-0.16605
0.105374
0.275483
0.201686
-0.030336
0.164164
0.394936
0.272359
0.193559
0.158537
0.281116
0.272986
0.376177
0.618207
0.657608
0.869619
0.899013
0.743915
0.498133
0.308013
0.229838
-0.007813
-0.257346
-0.733274
-1.165424
-1.35617
-1.408078
-1.284248
-1.069736
-1.262358
-1.277367
-1.114138
-1.316141
-1.643849
-1.743913
-1.681998
-1.681372
-1.554415
-1.681371
-1.776431
-1.523144
-1.255472
-1.62946
-2.072242
-2.226715
-2.517525
-2.681379
-2.820842
-2.747045
-2.146036
-1.399935
-0.905869
-0.499985
-0.055326
0.099773
-0.05595
-0.324871
-0.590665
-0.658208
-0.688852
-1.035322
-1.337389
-1.227944
-1.040324
-0.937132
-0.716366
-0.210418
0.014101
0.024733
0.007848
-0.046562
0.216732
0.616362
0.942195
1.360588
2.13921
2.558853
2.426269
2.127329
1.72082
1.700808
1.965977
1.96973
1.75647
1.695807
1.652655
1.399369
0.889669
0.567589
0.762714
0.886544
0.746455
0.474407
0.241134
0.354957
0.565717
0.681416
1.132329
1.490683
1.316198
0.860908
0.398113
0.339326
0.718944
1.235524
1.460668
1.840285
2.301205
2.172373
1.90783
1.654544
1.546976
1.871558
1.977251
1.837788
1.822153
1.712084
1.667056
1.459424
1.142347
1.09044
1.094818
0.987875
0.655789
0.223014
-0.022767
0.049154
0.393749
0.667049
0.850291
1.152985
1.116087
0.951607
0.619521
0.156727
0.120454
0.091686
0.022268
0.078554
0.105447
-0.177233
-0.58937
-0.833901
-1.097193
-1.556235
-1.948359
-2.219157
-2.137854
-1.741351
-1.512454
-1.279806
-1.197878
-1.111572
-0.885803
-0.660659
-0.609376
-0.682547
-0.823261
-1.025264
-1.215385
-1.558103
-1.583118
-1.40613
-1.406755
-1.549345
-1.864545
-1.902069
-1.587493
-1.33358
-0.988985
-0.814498
-0.76259
-0.624376
-0.636258
-0.786353
-1.1741
-1.35484
-1.423008
-1.206619
-0.588099
-0.116548
0.169259
0.388775
0.488214
0.453192
0.299345
-0.048377
-0.307917
-0.386091
-0.453633
-0.673148
-0.756951
-0.923932
-1.037754
-1.113426
-1.453643
-1.738824
-2.03151
-2.311063
-2.192862
-1.878911
-1.614367
-1.157825
-0.943313
-0.839496
-0.684397
-0.554314
-0.558065
-0.441115
-0.301651
-0.219098
-0.272256
-0.701279
-1.066511
-1.266013
-0.954564
-0.36106
0.128002
0.575788
0.868475
0.980422
1.111756
1.079862
1.045465
0.921637
0.614567
0.48511
0.395053
0.45259
0.419444
0.338768
0.667729
0.730894
0.354405
-0.035218
-0.40733
-0.573685
-0.760053
-1.046486
-1.179695
-1.058992
-0.654359
-0.267237
-0.17968
-0.119016
-0.091498
-0.184682
-0.48112
-0.700635
-0.772555
-0.791317
-0.704386
-0.776306
-0.690626
-0.587434
-0.543031
-0.567421
-0.54428
-0.321638
-0.136519
-0.104624
-0.247214
-0.387303
-0.407315
-0.336019
-0.413568
-0.500498
-0.299744
-0.016438
0.25436
0.537041
0.42572
0.079875
-0.193423
-0.420443
-0.414813
-0.314749
-0.554902
-0.740645
-0.850714
-0.90012
-0.703744
-0.777541
-0.91763
-0.873226
-0.594298
-0.368528
-0.320997
-0.407927
-0.429816
-0.220306
-0.174652
0.056121
0.254373
0.018598
-0.020176
0.236863
0.695906
0.929806
0.775958
0.608352
0.5652
0.692157
0.505163
-0.015794
-0.258448
-0.093342
-0.152754
-0.416047
-0.603666
-0.546754
0.108664
0.834127
1.323815
1.896055
2.340089
2.521455
2.658418
2.580244
2.448285
2.645286
2.61089
2.355728
2.323833
1.995499
1.523323
1.019878
0.412616
0.128686
-0.048927
-0.559877
-1.097719
-0.959506
-0.236544
0.598364
0.896679
0.943585
1.452034
1.827899
1.824148
1.30882
0.889803
1.007379
1.320704
1.489562
1.184993
1.126206
1.432027
1.744101
1.809769
1.809144
1.659674
1.704078
1.887946
1.782879
1.57087
1.467054
1.644668
1.637789
1.544605
0.986124
0.597752
0.230644
-0.131461
-0.106445
-0.364734
-0.65742
-0.779998
-0.806889
-0.929467
-0.976371
-1.230283
-1.262803
-1.065176
-0.712451
-0.358475
-0.441652
-0.421014
-0.522328
-0.731836
-0.77874
-0.769984
-0.858165
-0.820015
-0.787494
-0.858789
-1.085182
-1.689942
-1.891946
-1.956361
-1.889443
-1.704324
-1.630527
-1.397253
-0.858158
-0.340328
-0.217749
-0.160212
-0.097046
0.116215
0.215654
0.260058
0.195017
-0.123936
-0.377222
-0.385351
-0.69805
-0.976977
-1.175854
-1.23339
-1.111436
-1.369726
-1.564849
-1.606751
-1.688052
-1.876296
-1.964477
-1.850654
-1.509811
-1.127067
-0.882535
-0.775592
-0.456012
-0.183338
0.066822
0.155629
0.240684
0.384526
0.286965
0.015542
-0.252754
-0.635497
-1.107672
-1.237755
-1.465399
-1.547326
-1.407236
-1.029495
-0.831243
-1.148945
-1.597981
-1.676781
-1.518554
-1.038873
-0.617979
-0.629236
-0.521041
-0.37157
-0.43536
-0.312156
-0.116406
0.094354
0.595299
0.909249
1.504629
1.86486
2.124401
2.29576
2.287631
2.266368
1.979936
1.825463
1.904889
2.183192
2.475879
2.781074
2.703525
2.375191
1.994324
1.644727
1.238843
0.781052
0.136892
-0.32903
-0.365302
-0.145787
0.28011
0.463353
0.477737
0.495249
0.716641
0.748537
0.600318
0.647849
0.735405
0.606573
0.332024
-0.170796
-0.485371
-0.74241
-1.192696
-1.398452
-1.512899
-1.584194
-1.616089
-1.597952
-1.636726
-1.609208
-1.924408
-2.394708
-2.432856
-1.996953
-1.49038
-1.202696
-1.06073
-0.666103
0.0431
0.524032
0.500893
0.219464
0.226344
0.565936
0.95556
1.099402
1.209473
1.260756
1.401471
1.435243
1.582838
1.535308
1.170701
1.001219
1.073766
1.303287
1.130678
0.735426
0.325165
0.425855
0.817355
0.898658
0.423981
0.234485
0.252622
0.009343
-0.054447
-0.242692
-0.041313
0.344559
0.376454
0.250124
0.089397
0.023731
-0.018795
-0.08884
-0.330868
-0.327115
0.108788
0.367078
0.75295
0.995605
1.111304
0.974968
0.49904
0.286405
0.260764
0.102539
-0.129484
-0.090083
-0.121352
0.040626
0.211986
0.24013
0.198228
0.240131
0.41024
0.311427
0.335193
0.504676
0.640388
0.676037
0.569719
0.407742
0.435885
0.48967
0.154457
-0.201394
-0.699211
-1.083831
-1.172012
-1.274577
-1.429675
-1.521608
-1.135736
-0.666687
-0.581632
-0.982512
-1.158874
-1.32523
-1.351496
-1.153869
-1.125726
-0.820531
-0.636663
-0.524716
-0.642291
-1.078818
-1.559749
-1.772384
-2.106972
-2.204534
-1.943117
-1.807405
-1.129472
-0.645413
-0.121954
0.297064
0.158852
0.066293
0.058163
0.02064
0.218266
0.903079
1.474694
2.028172
2.155128
2.210789
2.369641
2.424677
2.389655
2.236433
2.100096
1.648559
1.37401
1.057558
1.050054
1.330859
1.566009
1.814293
1.936246
1.976272
1.699221
1.424672
1.137614
0.899338
0.896211
1.003155
1.188274
1.185772
1.145747
1.146999
1.256444
1.570395
1.627307
1.401538
1.204538
0.714226
-0.197605
-0.99186
-1.398995
-1.021253
-0.636007
-0.510927
-0.323932
-0.034997
0.328985
0.624174
1.013798
1.133875
1.007545
0.614795
0.383398
-0.048752
-0.253882
-0.349568
-0.705419
-0.246376
0.557262
1.050702
0.846197
0.480965
0.339
0.382778
0.111356
-0.515293
-0.651004
-0.287647
0.301479
0.601671
0.500983
0.362145
0.488476
0.813683
0.842452
0.675471
0.42156
0.055702
-0.008713
-0.103148
-0.297021
-0.063121
0.303363
0.10949
-0.343298
-1.000592
-1.669143
-1.730431
-1.59597
-0.909907
0.124503
0.317752
0.145768
-0.113147
-0.218213
0.183293
0.237703
0.317755
0.63796
0.791183
0.727393
0.340271
0.164535
0.509755
0.625455
0.17079
-0.70164
-1.432731
-1.343924
-0.904893
-0.825467
-0.706641
-0.022454
0.728025
1.306519
1.01696
0.253349
-0.209446
-0.339528
-0.35141
-0.302003
-0.300126
-0.564669
-0.845473
-1.393322
-1.463366
-1.34579
-1.274494
-1.1663
-1.375808
-1.44335
-1.199444
-1.33453
-1.655984
-1.583438
-1.42396
-0.721637
-0.327635
-0.066844
0.773067
1.200841
0.936297
0.474128
0.101391
-0.029942
0.258993
0.01071
-0.372034
-0.590297
-0.855466
-1.099371
-1.634086
-1.468355
-0.529631
0.634237
1.121423
0.891277
0.476012
0.289019
0.479766
0.557316
0.691152
0.262129
-0.458956
-1.011182
-1.434576
-1.529636
-1.319502
-1.158774
-0.949265
-0.640943
-0.659079
-0.516487
-0.331994
0.070138
0.750572
0.931938
0.432245
-0.272579
-0.370766
0.040747
-0.055564
-0.354504
-0.34137
0.048254
0.604234
0.520431
0.02324
-0.256939
-0.160001
0.205232
0.531065
0.552955
0.576095
0.584226
0.455394
0.001981
-0.210029
-0.128101
-0.130602
-0.207526
-0.439548
-0.373255
-0.221283
-0.302584
-0.599023
-1.129986
-1.311351
-0.853558
-0.482696
-0.043041
0.304056
0.015748
-0.657806
-1.093708
-0.957996
-0.236286
0.041392
0.043894
-0.422653
-1.315096
-1.599027
-2.033053
-2.158132
-1.609657
-0.893575
-0.695323
-0.846669
-1.362622
-1.684077
-1.32197
-1.405148
-1.673443
-1.737234
-1.79477
-1.629664
-1.438291
-1.520218
-1.50083
-1.445169
-1.712839
-1.62841
-1.539603
-1.430783
-1.151855
-1.190003
-1.223149
-1.27193
-1.001757
-0.568355
-0.156217
0.028276
-0.038015
-0.429514
-0.81601
-0.769105
-0.58211
-0.049895
0.437291
0.471688
0.53673
0.659934
0.359744
0.255928
0.434792
0.384761
0.113964
-0.477037
-0.543954
-0.141823
-0.233756
-0.392606
-1.126824
-1.792873
-1.372605
-0.745955
0.085826
0.549873
0.312847
0.279076
0.643684
0.96639
1.337878
1.569276
1.935134
2.31913
2.194051
1.953898
1.639323
1.64245
1.742515
1.669969
1.550518
1.117743
0.511732
0.307227
0.289091
0.522366
0.464829
0.105226
0.428557
0.609298
0.421679
0.05332
-0.462008
-0.918549
-0.936685
-0.817233
-0.939185
-1.114922
-0.90854
-0.562694
-0.366943
-0.359438
-0.586457
-0.490771
-0.351932
-0.140546
-0.010463
-0.204962
-0.252491
0.025186
0.150892
0.524255
0.609936
0.091481
-0.309399
-0.02109
0.511125
0.279728
-0.325032
-0.940424
-0.878509
-0.475752
-0.685885
-0.868501
-0.172432
0.575546
1.003944
0.576797
0.01519
0.177169
0.943283
1.391694
1.002071
0.687496
0.584931
0.640592
0.310382
0.349783
0.632464
1.09651
1.372311
1.230972
1.311649
1.279129
1.418593
1.396079
1.180943
1.149673
1.163432
1.024594
1.057741
1.289765
1.432981
1.352931
0.958305
0.80821
0.764432
0.851989
0.987075
1.200337
1.544932
1.578079
1.331047
1.133421
1.563696
2.041501
1.589338
0.749428
0.367936
0.564312
1.345435
1.867643
2.005232
1.908295
1.696911
1.240996
0.888272
0.811974
0.850749
1.147188
1.023985
0.8101
0.415473
0.04899
0.029604
0.316662
0.815731
1.475527
1.825125
1.79323
1.448636
0.78759
0.192211
-0.537628
-0.824686
-0.681469
-0.2218
0.221608
0.524927
0.355444
-0.009163
-0.266201
-0.725243
-0.99604
-1.218682
-1.284348
-1.328125
-1.316242
-1.360645
-1.358768
-1.359393
-1.154887
-1.044817
-1.117988
-1.403794
-1.854706
-1.889103
-1.708362
-1.04794
-0.059185
0.972724
1.366725
1.169725
0.692547
0.793236
1.159721
1.26854
1.262287
1.094681
1.080922
0.98211
0.763221
0.322941
0.03088
0.127192
0.336076
0.277914
0.229134
0.130321
-0.234911
-0.753366
-1.156122
-1.498215
-1.708974
-1.948501
-2.200536
-2.363139
-2.282462
-2.004159
-1.737739
-1.297458
-0.789008
-0.229901
-0.437533
-0.974124
-1.449427
-1.731481
-1.543861
-1.116088
-0.833407
-0.679559
-0.387497
-0.272423
-0.219889
-0.343717
-0.538841
-0.575739
-0.573862
-0.206128
0.674434
1.362999
1.871449
2.262949
2.302349
2.327991
1.888962
1.009652
0.657553
0.701957
0.817031
1.322353
1.710101
2.080337
2.555016
2.327996
2.107857
1.882088
1.469326
1.448063
1.555632
1.730118
1.608166
1.064695
0.319221
-0.437511
-0.642016
-0.683917
-0.756463
-0.68204
-0.844643
-1.01225
-1.363098
-2.228024
-2.745228
-2.648916
-2.598883
-2.527587
-2.563235
-2.294938
-2.004753
-2.263042
-2.073545
-1.557591
-0.655765
0.621299
1.29673
1.547516
1.523751
1.001544
0.456822
-0.188589
-0.382462
-0.143559
-0.064133
0.101598
-0.106034
-0.154189
-0.093525
-0.445624
-0.501284
-0.586337
-0.894033
-1.00723
-1.175461
-1.12793
-0.865262
-0.533175
-0.529422
-0.897782
-1.002223
-1.296785
-1.284902
-0.811474
-0.458749
0.344889
0.891488
0.399925
0.137883
-0.024094
-0.377444
-0.901528
-1.512542
-1.190461
-0.423722
0.076598
0.039075
0.077224
0.616944
1.211699
1.137902
0.651968
0.20731
0.107872
0.274229
0.369915
0.9728
1.722654
2.092265
1.676375
0.785183
0.258597
0.489995
0.557539
0.362415
0.520016
0.961548
1.324905
0.993445
0.218576
-0.206694
0.038462
0.656982
0.997825
1.074124
1.418094
1.715784
1.709531
1.576321
1.443112
1.517535
1.633234
0.858991
0.276746
0.247978
0.295509
0.275496
-0.121006
-0.346149
0.157298
0.804586
1.020349
1.222353
1.126668
0.982201
0.428098
-0.624447
-1.206067
-0.817069
-0.481229
-0.28673
0.04098
0.062869
0.21234
0.103521
-0.224187
-0.231691
0.173567
0.595712
0.571322
0.413097
0.512536
0.922172
1.01223
0.385581
-0.22168
-0.433065
-0.362394
-0.254825
-0.049694
0.220479
0.653256
0.903416
0.738936
0.591343
0.433743
0.227362
0.046622
0.016603
0.053502
0.070389
-0.035303
0.091028
0.585719
1.204864
0.937819
-0.100342
-1.044068
-1.474967
-1.106607
-0.801412
-0.556255
0.176713
0.792106
0.648265
0.359956
0.099166
0.135439
0.529441
0.658274
0.51881
0.325562
0.257395
0.253017
0.190478
-0.260434
-0.682578
-0.942118
-1.643814
-1.82643
-1.443686
-1.037801
-0.822038
-1.121604
-1.200403
-1.11785
-1.250434
-1.40178
-1.386145
-1.330484
-1.240426
-1.400527
-1.72636
-1.485581
-1.226665
-1.189766
-1.419912
-1.880205
-1.937741
-1.939617
-2.032801
-1.651932
-0.741977
0.043525
0.455037
0.184866
-0.371113
-0.549351
-0.414265
-0.161603
0.1167
0.590753
0.942227
0.96224
0.704577
0.096064
-0.415511
-0.239774
-0.307316
-0.568732
-0.636275
-0.853913
-0.753849
-0.48993
-0.352342
-0.322322
-0.64878
-0.991498
-1.417394
-1.811394
-1.45992
-1.000251
-0.767602
-0.461782
-0.348584
-0.441768
-0.517441
-0.733203
-0.589986
-0.062149
0.242421
0.255555
0.174879
0.226162
0.346864
0.44818
0.579514
0.801531
0.881582
1.055444
1.141749
0.724609
0.654565
0.57514
0.303092
0.395026
0.476954
0.8228
1.283719
1.353764
1.163018
0.811545
0.346249
0.273077
0.032925
-0.42987
-0.783845
-0.883908
-0.562453
-0.34794
0.104223
0.325615
0.166139
-0.319795
-1.062143
-1.45114
-1.16158
-0.281644
0.401292
0.326245
0.030432
-0.095898
-0.185955
-0.165317
-0.401717
-0.382329
-0.113407
-0.226603
-0.196584
-0.080259
-0.142798
-0.20909
-0.613097
-1.197845
-1.370454
-1.16845
-0.865756
-0.432354
0.067965
0.551399
0.820946
0.686486
0.059837
-0.763187
-1.350436
-1.906415
-2.026491
-1.597467
-1.073382
-0.558679
-0.191569
-0.17781
-0.031466
0.043582
-0.354796
-0.469869
-0.369805
-0.330404
-0.386689
-0.643728
-0.770058
-0.251602
0.038584
-0.245346
-0.112761
0.05297
0.283117
0.642096
0.577681
0.298754
0.451351
0.758423
0.837849
0.814084
0.520147
0.462611
0.505139
0.593321
0.749045
0.662741
0.454484
0.380062
0.281249
0.325653
0.510146
0.460115
0.536414
0.460741
0.383818
0.540793
0.615216
0.553302
0.108019
-0.588049
-0.992056
-1.081488
-0.866975
-0.469221
0.057365
0.468878
0.829733
1.006096
0.633985
0.435734
0.311905
-0.214054
-0.361023
-0.203422
0.078008
0.510159
0.401966
0.455751
0.468259
0.161189
0.088643
0.042364
0.073009
0.133048
-0.161514
-0.264704
-0.216548
-0.402916
-0.719993
-1.235321
-1.649334
-1.561778
-1.002046
-0.490469
-0.217169
-0.135867
0.154319
0.323802
0.274396
0.112418
-0.044556
0.20748
0.478904
0.483907
0.677156
1.113685
1.412626
1.51957
1.266284
0.56959
-0.052056
-0.186516
0.279407
1.033013
1.520199
1.593996
1.318196
1.320698
1.178108
0.836641
0.514561
0.359462
0.659654
0.93358
1.026764
0.954219
0.68092
0.427009
0.320066
0.251898
0.253149
0.153712
0.191236
-0.183377
-0.599267
-0.84067
-1.282201
-1.166502
-0.768122
-0.414772
-0.032027
0.248777
0.470795
0.857917
0.829774
0.659666
0.553349
0.448908
0.253159
-0.171486
-0.053911
0.336339
0.521457
0.605261
0.799135
0.776621
0.716584
0.283808
-0.343466
-0.242776
-0.032642
-0.177734
-0.350343
-0.37661
0.059294
0.94611
1.047425
0.652799
0.386379
0.076808
-0.16272
-0.292802
-0.416005
-0.536706
-0.571103
-0.718696
-0.822512
-0.702435
-0.54671
-0.359715
-0.020749
0.060554
0.408276
0.819163
0.413905
0.198769
-0.077032
-0.701804
-0.898179
-1.067036
-1.220884
-0.971349
-0.664278
-0.549204
-0.497295
-0.536695
-0.300919
0.209407
0.41016
0.63593
0.852944
0.886716
0.985529
0.707227
0.487088
0.549003
0.447063
0.378895
0.354505
0.484589
0.926746
1.037442
0.832312
0.510232
0.060571
-0.021981
-0.379083
-0.731808
