0.023111
-0.039412
-0.035055
0.012542
-0.03505
-0.017006
0.065431
0.014106
-0.055261
-0.013575
-0.003307
-0.031612
-0.004236
0.036828
-0.019474
0.053008
0.010394
-0.119632
0.088167
-0.02164
-0.051501
-0.002971
0.023472
0.011032
-0.044026
-0.003895
0.051789
0.008863
-0.125829
0.027843
-0.022859
0.013227
0.035627
-0.024408
0.008568
-0.014449
0.050568
-0.039641
-0.00791
-0.036215
-0.014127
0.00454
-0.013189
0.054005
-0.010385
0.003927
-0.048331
-0.005712
0.030686
-0.080054
0.001761
0.027582
-0.000412
0.030386
-0.060445
0.025103
-0.021867
0.015464
0.025732
-0.069143
0.027914
0.007696
-0.018432
-0.020296
0.004281
0.012682
0.040059
-0.069436
-0.025884
0.036955
0.013627
-0.027432
-0.003789
0.009279
-0.056666
0.074609
-0.058839
-0.021197
0.012712
-0.040479
0.105727
-0.048874
-0.058826
0.050363
-0.023981
-0.028956
-0.026154
0.031708
0.066239
-0.05601
-0.016502
-0.003745
-0.023963
0.0283
-0.013693
-0.029555
0.036394
-0.012442
-0.030793
0.034846
-0.040743
-0.009633
0.015255
-0.013673
-0.011493
0.021794
-0.013355
-0.008375
0.019624
-0.070274
-0.011168
0.05136
-0.019251
0.002215
-0.002138
-0.029821
0.035195
-0.011774
-0.025148
-0.013014
-0.00088
0.038006
-0.045359
-0.007406
0.017793
-0.00429
0.001622
-0.033216
0.003493
-0.035078
0.03305
-0.008321
-0.011118
-0.013916
-0.008003
0.043949
-0.026974
-0.015462
-0.033191
0.010673
0.015963
-0.042205
0.047075
0.027169
-0.061796
-0.008289
-0.02944
0.003536
0.019403
0.004474
-0.016055
0.051451
-0.057112
-0.035023
0.024705
-0.025998
-0.023196
0.007603
0.002628
0.043692
-0.003278
-0.053047
0.011036
-0.021313
-0.014778
-0.03313
0.060817
-0.013216
0.01105
-0.023166
-0.025963
-0.01974
0.095671
-0.068885
-0.021288
0.021953
-0.012885
-0.004484
-0.0359
0.014496
-0.038384
0.032543
-0.027803
0.023838
-0.013489
0.057749
-0.107117
0.019181
-0.021257
-0.010367
0.063049
0.045942
-0.055777
-0.018446
-0.104922
0.008622
0.128077
-0.05141
0.055912
-0.135395
0.08889
-0.077842
0.053122
-0.038332
-0.033352
0.066194
-0.052012
0.035713
-0.07005
0.065892
-0.084043
0.027634
0.037591
-0.021511
0.002133
-0.032705
0.044132
-0.05292
0.057513
-0.072202
-0.002209
0.052543
-0.06473
0.060013
-0.097077
0.042286
-0.025214
0.061577
-0.024899
-0.042316
0.027988
-0.063465
0.130958
-0.111988
0.043862
-0.044169
-0.021459
0.039825
-0.02892
0.06036
-0.101084
0.089606
-0.078683
0.002199
0.007178
-0.030148
0.086817
-0.120666
0.103931
-0.046626
-0.070265
0.063498
-0.065906
0.088078
-0.059991
0.004092
0.022137
-0.075227
0.085911
-0.060913
0.017791
-0.005537
-0.038509
0.008154
0.00629
0.020602
-0.040988
0.040204
-0.022319
-0.044714
0.024657
-0.059019
0.025284
0.024042
-0.023861
0.064797
-0.064607
0.059202
-0.075801
-0.039403
0.08565
-0.066151
0.070101
-0.068324
-0.047791
0.080684
-0.08076
0.033717
0.069804
-0.129903
0.122068
-0.075772
-0.039685
0.085369
-0.129892
0.124879
-0.109045
0.01352
0.094401
-0.140768
0.069831
0.007619
-0.076369
0.073882
-0.053967
0.033136
0.004519
-0.070447
0.040608
-0.065465
0.063321
-0.005735
-0.037462
0.031598
-0.045545
0.011694
-0.012878
0.00921
0.044986
-0.069487
0.069565
-0.113655
0.059926
-0.042414
-0.048945
0.131169
-0.121731
0.079846
-0.065733
0.010171
0.02106
-0.062616
0.027286
0.017023
-0.030258
0.056534
-0.034919
-0.066957
0.047831
-0.06913
0.054679
0.017041
-0.067568
0.070551
-0.079384
0.026694
-0.005344
0.003679
0.011458
-0.046399
0.023594
-0.087145
0.168248
-0.134735
0.020493
0.042892
-0.083401
0.058139
-0.06691
0.04259
-0.013401
0.017709
-0.008419
-0.021482
-0.000638
-0.016811
0.004033
-0.01494
0.001549
0.035147
-0.076215
0.069059
-0.026438
-0.053811
0.028937
-0.023943
0.057249
-0.065933
0.004682
-0.009314
-0.028909
0.053528
-0.061256
0.072197
0.000341
-0.097645
0.065049
-0.036048
0.01466
-0.050975
0.054481
-0.030439
-0.001507
0.028669
-0.080826
0.088089
-0.06869
0.025879
0.001306
-0.033843
-0.014865
-0.015796
0.044865
-0.008948
0.002253
-0.0021
-0.029161
0.024035
-0.059019
-0.000847
0.050794
-0.028216
0.018758
-0.035989
-0.000835
-0.017631
0.021567
-0.010472
-0.001137
0.005087
-0.021975
0.004469
-0.034102
0.062022
-0.070493
0.03683
0.031855
-0.070486
0.031859
-0.032842
0.043062
-0.052746
0.01507
0.003874
-0.025365
0.011344
-0.011362
0.011038
-0.024111
0.019441
-0.044326
0.021934
-0.031257
0.027849
-0.017254
-0.023473
0.066429
-0.06733
0.029105
-0.043684
0.038131
-0.026259
-0.007281
0.068934
-0.078513
0.034098
-0.060155
0.035658
-0.050818
0.001756
0.038775
-0.014105
0.020116
-0.064494
0.07518
-0.09373
0.056209
-0.011291
-0.047685
0.053105
-0.0651
0.028224
0.003651
0.002409
0.001478
-0.010651
-0.051399
0.028549
-0.021532
0.039752
-0.004729
-0.048899
0.009273
-0.023387
0.03292
-0.036447
0.018615
-0.022134
0.033551
-0.047326
0.018002
0.001206
-0.022433
0.009609
-0.049181
0.062807
-0.051665
0.030772
-0.058193
0.056284
-0.066276
0.037002
0.006519
-0.046672
0.073404
-0.103594
0.066876
-0.062528
0.073413
-0.094253
0.055065
0.005917
-0.058783
0.050716
-0.028605
0.022724
-0.070906
0.048859
-0.046638
0.022111
-0.011171
0.009984
-0.034186
0.0103
-0.020805
0.028969
-0.057507
0.005332
0.05635
-0.062167
0.032091
-0.040387
0.020274
-0.031984
0.022145
-0.022025
0.039259
-0.046595
0.020288
-0.021082
-0.00957
0.014696
-0.021076
-0.001787
-0.01205
0.011594
-0.034754
0.022486
-0.002398
-0.030081
0.021248
0.050803
-0.130862
0.097157
-0.063665
-0.032245
0.092809
-0.034107
-0.04157
0.023757
-0.027256
0.017541
0.026875
-0.106262
0.104337
-0.026312
-0.057728
0.067015
-0.085098
0.016003
0.0608
-0.090068
0.041829
-0.032204
0.049922
-0.071083
0.025351
0.001712
-0.042458
0.066109
-0.058318
0.001721
0.017899
-0.030315
0.026303
-0.016312
-0.02222
0.026621
-0.049279
0.029114
-0.034965
0.036584
-0.054869
0.057431
-0.025624
-0.006024
0.016376
-0.068545
0.060553
-0.031834
-0.001657
0.002389
-0.006319
0.026968
-0.047998
0.007064
-0.023108
-0.021239
0.059331
-0.061674
0.041293
-0.028696
-0.006296
0.00646
-0.013758
-0.013755
0.001801
-0.006907
-0.014682
0.041625
-0.037074
0.0127
-0.020894
-0.013426
0.044125
-0.075325
0.043818
0.002448
-0.05852
0.062178
-0.014343
-0.010919
-0.035492
0.019881
-0.00438
-0.032063
0.020821
-0.014328
0.003406
0.017095
-0.033918
-0.008408
0.000615
-0.006226
-0.013067
-0.019287
0.0168
-0.006528
0.023648
-0.004968
-0.04976
0.016812
-0.019271
-0.017091
0.041704
-0.008065
0.010912
-0.014593
-0.041965
0.023362
-0.00681
0.014968
-0.018937
-0.032311
0.015597
-0.050037
0.045464
0.00596
-0.020479
0.022452
-0.050648
0.007525
0.030546
-0.029799
0.006287
0.008467
-0.052812
0.002561
0.023405
0.000699
-0.040671
0.024967
-0.018269
-0.004269
0.02093
-0.038793
0.006003
0.017515
0.014096
-0.024164
0.016278
-0.020426
-0.01918
0.008508
-0.04655
0.014423
0.011936
-0.046854
0.048025
-0.003299
0.010701
-0.037824
-0.00827
-0.041241
0.018798
0.032177
-0.050878
0.043691
0.016319
0.011655
-0.061445
-0.006694
-0.007625
0.00482
-0.04526
0.006691
0.046822
0.011051
-0.042762
-0.004498
-0.037781
0.036568
0.005152
-0.019421
0.016977
-0.008529
-0.020347
-0.044608
-0.007589
0.040941
0.026945
-0.031223
-0.002602
-0.067925
0.065216
-0.059833
0.014516
0.019806
0.015142
-0.034627
-0.022804
-0.002893
0.019818
-0.050794
0.013601
0.026046
-0.009725
-0.020299
-0.011898
0.018278
-0.056066
0.071787
-0.074415
0.054061
-0.056057
0.033223
-0.041121
0.045671
-0.02774
0.022967
-0.008138
-0.042043
-0.009689
-0.007198
0.042576
-0.106115
0.069955
-0.008122
0.028898
-0.102373
0.034502
-0.022734
0.064991
-0.054147
0.003092
0.037935
0.027361
0.010876
-0.109818
0.028612
-0.02769
0.051013
-0.106698
0.043863
0.014003
0.034225
-0.055673
-0.010254
0.029876
-0.00745
0.037969
-0.082725
0.024908
-0.042281
0.046688
-0.045076
0.043271
0.000656
3.6e-05
-0.033247
-0.035111
0.081233
-0.051282
0.064128
-0.107582
-0.006481
-0.030742
0.075336
-0.021094
-0.004605
0.004729
-0.065571
0.065082
-0.078942
0.089972
-0.076449
0.053892
-0.029473
-0.012362
0.022481
-0.013601
0.001955
-0.026973
0.052664
-0.083584
0.052046
-0.052472
0.010678
-0.005806
-0.027268
0.016595
-0.014198
0.033087
-0.047479
0.034336
-0.0145
-0.027252
0.0191
-0.036269
0.004795
0.039638
0.011332
-0.083543
0.016936
-0.00297
0.000765
0.037474
-0.047758
0.012281
-0.036866
0.040905
-0.034684
-0.030016
0.022869
0.011051
0.01323
-0.052093
0.035632
-0.024092
0.002974
-0.014444
-0.018485
0.018846
-0.020036
0.014184
-0.032164
0.035964
-0.00354
-0.043666
0.005796
-0.018776
0.04904
-0.023438
-0.027479
0.020739
-0.001656
0.014522
-0.030581
-0.008493
-0.022489
0.013287
0.006757
-0.026215
0.012672
-0.031809
0.049383
-0.026517
-0.043001
0.0553
-0.021222
-0.005666
0.00398
-0.006905
0.007717
-0.013744
-0.019342
-0.008141
0.007726
0.024527
-0.036753
-0.018708
0.016445
0.001516
0.009606
-0.03363
0.002456
0.024856
-0.051666
0.023616
-0.002823
-0.026462
0.01709
-0.032679
0.018028
0.011809
0.013367
-0.011206
-0.043866
-0.012757
-0.003111
0.0112
0.03951
-0.05101
0.015562
0.009032
-0.041982
0.037966
-0.070907
0.029883
0.018687
-0.014285
0.005626
-0.059075
0.061002
-0.014587
-0.021739
0.028346
-0.04942
0.043593
-0.034795
-0.03977
0.051065
-0.031678
0.026495
-0.009898
-0.043492
0.040811
-0.039754
0.018419
-0.013931
-0.016106
0.042067
-0.058407
0.071312
-0.058403
-0.011117
0.066653
-0.10879
0.060747
-0.011419
-0.013284
0.041779
-0.079538
0.066358
-0.041893
-0.023538
0.076008
-0.113433
0.052371
0.011934
-0.054945
0.090951
-0.095691
0.030296
0.039008
-0.083863
0.067009
-0.086036
0.045861
0.019422
-0.06892
0.067643
-0.051185
0.046495
-0.011674
-0.083841
0.09534
-0.031576
-0.012598
0.025666
-0.119914
0.106239
-0.038408
-0.03965
0.064873
-0.048044
0.073898
-0.04804
-0.022841
0.011069
-0.010704
0.054623
-0.066382
0.037208
0.012324
-0.070108
0.08512
-0.087212
0.024154
0.021357
-0.080984
0.105351
-0.069159
-0.002898
0.077983
-0.107103
0.041281
-0.048617
-0.022795
0.084216
-0.035545
0.013607
-0.038651
0.03912
0.005837
-0.045488
0.007397
-0.008466
0.030421
-0.01095
-0.056986
0.064646
0.008966
-0.053246
-0.01156
0.007417
0.041015
-0.036439
-0.046703
0.041644
0.011162
0.003387
-0.033006
-0.022428
0.026102
-0.026156
0.036061
-0.014953
0.000914
-0.013704
-0.005614
0.009631
-0.010897
0.004036
-0.020225
0.017728
0.00031
-0.044482
0.037332
-0.042922
0.022094
0.018053
-0.064379
0.090226
-0.048199
0.00593
0.009976
-0.021751
0.00687
-0.024857
-0.039164
0.022742
-0.011163
0.010925
0.023371
-0.019244
0.055104
-0.064034
0.02338
-0.04661
0.003475
0.028364
-0.050647
0.077829
-0.030422
-0.001801
0.001934
-0.04908
0.03429
-0.042854
0.014697
0.051406
-0.057157
0.028391
0.004129
-0.043151
0.031819
-0.03817
-0.005816
0.039603
-0.069892
0.04023
0.011302
-0.00736
0.045836
-0.053083
0.000735
0.00447
-0.049343
0.020028
-0.005789
0.042119
0.0359
-0.083239
0.023461
-0.030974
0.015067
-0.023193
-0.011059
0.047736
-0.054916
0.024099
-0.009805
-0.003582
0.032816
-0.011976
-0.039348
-0.021615
0.030026
0.006697
-0.024719
0.017589
-0.002317
0.030659
-0.018799
-0.042439
-0.013507
0.0456
-0.004792
-0.024076
0.007033
-0.047713
0.09756
-0.081927
-0.038685
0.148272
-0.103695
-0.010682
0.01825
-0.05485
0.145172
-0.116127
-0.04831
0.078921
-0.044884
0.04564
-0.070387
0.018893
0.053735
-0.040518
-0.001009
-0.002251
0.025437
-0.009401
-0.040195
0.029176
-0.048901
0.02887
-0.006279
-0.025875
0.059051
-0.026181
-0.026179
0.005864
0.029508
-0.010307
-0.032702
0.025471
-0.017766
-0.020253
0.056896
-0.049489
0.033259
-0.063794
0.009933
0.030466
-0.060054
0.057534
0.009009
-0.028318
-0.04978
0.048211
0.011817
0.00311
-0.020219
0.009958
0.030802
-0.024567
-0.057538
0.029564
0.000637
0.007172
0.013707
-0.077747
0.067838
-0.042591
-0.002771
0.024294
-0.048183
0.064738
-0.013961
-0.02889
-0.005246
-0.008044
0.008757
0.00627
-0.002437
-0.002435
0.036451
-0.058113
-0.006472
-0.005848
-0.013311
0.045173
-0.00553
-0.015171
-0.030722
-0.006456
0.02372
-0.002719
-0.059332
0.063855
-0.021377
-0.00862
0.018445
-0.044078
0.046757
-0.026654
0.007878
-0.003007
0.00135
-0.019179
-0.000201
0.016599
-0.016994
-0.004549
-0.010146
0.009143
-0.042493
0.023456
0.013815
0.011018
-0.02382
-0.018529
0.008225
-0.044966
0.042759
0.005432
0.007612
-0.032825
0.010105
0.030638
-0.043084
-0.005131
0.01167
-0.006681
0.012919
-0.002011
-0.033116
0.027857
-0.013825
-0.028443
-0.006977
0.064884
0.016981
-0.058608
-0.063583
0.05245
0.028499
0.000194
-0.006647
-0.037441
0.044995
-0.046458
-0.014726
0.037536
0.013586
-0.005387
-0.017517
-0.038045
0.045325
-0.002578
-0.039283
0.023556
0.008938
-0.016257
-0.041451
0.01921
0.046276
-0.037711
0.02015
-0.014688
-0.012819
0.046598
-0.03179
0.003364
0.002433
-0.005964
-0.024937
0.015505
-0.014667
0.026708
-0.012796
-0.020882
0.006184
-0.006879
0.006499
0.002458
-0.007183
-0.007492
0.020507
-0.01122
0.01429
-0.042012
0.046646
-1.3e-05
-0.024274
-0.005919
-0.03609
0.043858
-0.003734
-0.013375
-0.025505
0.023025
-0.015235
0.013075
-0.00061
-0.023938
0.041078
-0.043531
0.013086
-0.006509
0.016513
-0.01677
0.016828
-0.005878
-0.03916
0.067851
-0.058442
-0.00618
0.017775
0.008756
0.01778
-0.07554
0.032405
0.036762
-0.061224
0.003793
0.034902
-0.012067
-0.01362
0.031176
-0.056233
0.024337
0.013141
-0.037562
0.027455
-0.005517
0.022482
-0.024177
-0.007065
0.000714
-0.012038
0.042091
-0.057139
-0.000832
0.05423
-0.054332
0.031215
-0.020732
-0.010153
0.031533
-0.02788
0.013495
-0.001745
-0.011697
-0.019783
-0.002361
0.021283
-0.014488
0.011956
-0.016661
0.005739
0.020361
-0.039051
0.026898
-0.004829
-0.022558
0.030949
-0.022864
-0.01353
0.051176
-0.036234
-0.017567
-0.012899
0.016656
0.035011
-0.020046
-0.005113
-0.009154
0.012001
0.003604
-0.00417
-0.001991
0.031297
-0.055179
0.027879
-0.012869
-0.011
0.070503
-0.066056
-0.026858
0.047802
-0.015033
-0.002277
0.010169
-0.083462
0.085764
-0.009733
-0.023729
0.013913
-8.3e-05
0.025427
-0.059805
-0.002254
0.022945
0.033835
-0.027755
0.008021
0.001801
-0.010017
-0.017792
-0.008146
0.030429
0.0127
-0.024626
-0.007515
0.036349
-0.024931
0.019866
-0.007817
-0.053854
0.028894
0.013032
0.011479
-0.007183
-0.007492
-0.018378
-0.00811
0.008068
0.021135
0.053489
-0.065649
0.009322
0.000925
-0.023337
0.034525
-0.047285
0.021154
-0.00653
0.00125
0.027693
-0.034519
0.0109
-0.033893
0.028946
0.008418
-0.02642
0.027398
-0.007129
0.00345
-0.024856
0.031762
-0.020807
-0.003074
0.023992
-0.029821
0.015597
4.6e-05
-0.01115
-0.018614
0.010629
0.05356
-0.040693
-0.042868
0.028992
0.002553
0.033351
-0.048459
-0.008328
0.049223
-0.026055
-0.011121
0.000702
0.00817
0.001329
-0.030087
0.028086
0.027777
-0.068031
0.029648
0.020629
-0.012031
0.016901
-0.049356
0.016283
0.043349
0.0026
-0.016062
-0.031613
0.019094
0.010075
-0.047782
0.017234
0.030302
-0.021645
-0.039996
-0.020085
0.055508
-0.009815
-0.016968
0.019741
0.032809
0.04432
-0.055221
-0.056152
0.051793
0.045885
-0.047124
-0.044322
0.050558
0.026919
-0.018496
-0.048979
0.00515
0.051191
-0.045861
-0.012574
-0.021904
0.042801
0.022584
-0.046161
-0.005719
0.058675
0.048101
-0.06606
-0.065125
0.03722
0.057442
-0.066051
-0.024054
0.070203
0.034432
-0.035246
-0.033377
-0.005379
0.018576
-0.016573
0.021069
-0.004747
0.008942
0.022009
-0.0598
-0.004738
0.027305
0.059347
-0.046104
-0.026193
0.0438
-0.017479
-0.004411
-0.00192
0.015502
-0.015292
0.003375
0.019242
-0.021507
0.028578
-0.039233
-0.007813
0.037917
-0.022118
-0.018071
0.00775
0.017707
-0.03984
0.06655
-0.019304
-0.069074
0.064379
-0.025519
0.004969
0.006837
-0.024579
0.03235
0.029241
-0.024883
-0.040746
0.029248
0.007164
0.003434
-0.043225
0.00095
0.037969
-0.031398
0.015577
-0.014906
0.014337
0.008118
-0.013966
-0.010853
0.013102
0.02648
-0.026089
0.021508
-0.036039
0.011558
0.027114
-0.037587
0.038317
-0.041316
0.014991
0.024014
-0.045042
0.020908
-0.016418
0.013136
0.006606
-0.016412
0.002566
0.016256
-0.017338
-0.006448
0.017507
-0.004266
0.005379
-0.012661
-0.006748
0.008497
0.021564
-0.025405
0.006637
-0.000204
0.005709
0.010688
-0.029127
0.007271
0.015672
-0.018855
0.019409
0.001369
-0.032535
0.054256
-0.018843
-0.023196
0.016312
0.004494
0.009784
-0.005767
-0.031584
0.022856
0.010727
-0.003892
0.004199
-0.019441
0.018201
-0.017881
0.02505
-0.021298
0.021321
0.025679
-0.06142
0.027861
0.00671
0.000802
-0.00915
-0.007904
0.022895
-0.031541
0.004857
0.034411
-0.037444
-0.000735
0.047794
-0.022506
0.019491
-0.033389
-0.0197
0.045939
-0.028716
0.03319
-0.031511
0.001154
0.026042
-0.03026
0.029157
-0.00848
0.003965
-0.008165
-0.024027
0.016414
0.027926
-0.021221
0.014244
-0.008462
-0.059165
0.108195
-0.02121
-0.071601
0.032611
0.004616
0.055946
-0.054483
-0.028662
0.033866
0.009605
-0.015279
0.014587
-0.004387
-0.027093
0.057832
-0.074682
0.05006
0.027976
-0.069387
0.049445
-0.067516
0.036073
0.038253
-0.02707
0.020838
-0.06035
0.040129
-0.006841
-0.016171
0.028937
-0.00279
0.037029
-0.007763
-0.035446
-0.033889
0.038594
-0.001844
0.015579
-0.032324
0.028959
0.010919
-0.05907
0.047942
0.000972
0.040169
-0.031064
-0.027018
0.025867
-0.031057
0.007829
0.019341
-0.02794
0.044543
0.00846
-0.043487
0.005665
0.001624
0.004737
0.008472
0.035226
-0.024809
-0.020762
0.028701
-0.00116
-0.006446
-0.014843
0.035864
-0.018882
-0.016391
0.055158
-0.039717
-0.023539
0.014103
-0.007981
-0.017622
0.037751
0.040864
-0.010772
-0.034722
-0.009834
0.015676
0.002925
0.010393
0.007284
-0.002979
-0.007021
-0.018217
-0.004216
0.022538
-0.016655
0.014144
0.029388
-0.056154
0.026593
0.027529
-0.082589
0.082593
-0.016326
-0.035921
0.103442
-0.06298
-0.032492
0.010438
-0.001692
0.029729
-0.047415
0.036577
-0.00106
-0.026877
0.073291
-0.048337
0.007037
-0.003538
-0.031221
0.035351
-0.015663
0.008914
0.016693
-0.029343
0.02883
-0.014407
-0.008183
0.0531
-0.075371
0.019509
0.043153
-0.007239
0.004273
-0.06696
0.035385
0.022944
-0.067264
0.088274
-0.04113
-0.050149
0.08517
-0.078763
0.073354
-0.018721
0.003989
0.054697
-0.088084
0.050035
-0.019643
-0.008131
0.002137
-0.009682
0.033248
0.013031
-0.024607
-0.019627
0.001528
0.028594
0.010554
-0.017441
0.019268
-0.019303
0.006208
0.036073
-0.011208
-0.032047
-0.015558
0.051325
0.015554
-0.035149
-0.001551
0.005606
-0.010879
-0.00901
0.030188
-0.008383
-0.023624
0.012152
0.032996
-0.023617
0.014336
0.005007
-0.029831
0.022431
-0.018317
-0.032002
0.034259
0.041105
-0.062169
0.020267
0.005338
-0.018612
0.049826
-0.053448
-0.00554
0.048589
-0.028244
-0.003045
0.016555
-0.004285
-0.011126
0.00163
0.038339
-0.046582
-0.006762
0.043012
-0.030088
0.03524
-0.035061
-0.006751
0.061377
-0.042208
-0.011721
0.024988
-0.01856
-0.012336
0.012241
0.024375
0.019089
-0.041257
-0.008903
0.007897
0.007277
0.001058
0.00977
0.02066
-0.021955
0.015687
-0.035637
-0.007639
0.055512
-0.01821
-0.009809
-0.011051
0.030324
-0.012602
-0.032197
0.049928
-0.022239
0.004827
0.014162
-0.033741
-0.003254
0.032211
-0.002005
-0.016001
-0.013199
-0.002309
0.029733
-0.034345
0.014184
0.031918
0.016677
-0.015672
-0.022513
0.035971
-0.038374
-0.002909
0.017935
-0.000727
0.03256
-0.026541
-0.019384
-0.014716
-0.01347
0.046259
0.002089
0.009557
0.01267
-0.019057
-0.000702
-0.022164
0.012679
0.018591
0.001485
-0.016555
0.004289
-0.010018
-0.01997
0.04038
-0.038319
0.046917
0.007413
-0.035513
0.034792
-0.019954
-0.008754
-0.016839
0.029824
-0.020879
-0.0047
0.005256
0.006814
0.012104
0.005885
0.013353
-0.054147
0.034822
0.034513
-0.035476
-0.009966
-0.045737
0.064696
0.003106
-0.04573
0.021775
-0.013374
0.04231
-0.042611
0.041381
0.001566
-0.033583
0.017747
-0.01678
0.02024
-0.001844
-0.041348
0.063175
-0.039166
-0.00899
0.05105
-0.058135
0.040478
-0.019246
0.086521
-0.068702
-0.05128
0.045155
-0.008969
0.027117
-0.01332
-0.01114
0.008149
0.014684
-0.003979
-0.000243
-0.018594
-0.013304
0.005363
0.047049
0.00319
0.005681
-0.074885
0.015017
0.019997
0.041463
0.000715
-0.0447
0.063245
-0.04034
-0.004564
0.007259
-0.01047
0.050502
-0.058993
0.018466
0.029667
-0.045921
0.082865
-0.080446
0.057984
-0.044357
0.039946
0.02875
-0.138916
0.111189
-0.012305
0.0552
-0.055228
-0.03905
0.023166
0.006993
0.044635
-0.033442
-0.00171
-0.03406
0.065797
0.001407
-0.045251
0.01821
-0.030938
0.053054
-0.000759
-0.005112
-0.01693
-0.019105
0.06302
-0.01879
0.027873
-0.042427
0.015746
0.008283
-0.054552
0.058992
-0.018152
0.031
-0.044588
0.039404
0.050604
-0.089687
0.008925
0.054033
-0.00849
-0.02653
0.049063
-0.06261
0.008317
0.004275
-0.016876
0.023255
-0.014694
0.040057
-0.026199
0.032285
0.058106
-0.085296
0.030426
0.027317
-0.057293
0.029188
-0.010316
0.013639
-0.010622
-0.014042
0.037598
0.007738
-0.08216
0.034806
0.077425
-0.033937
0.018948
-0.005936
-0.057261
-0.002821
0.049131
0.058465
-0.034543
-0.089912
0.06065
0.054741
0.006838
-0.079949
-0.0028
0.027998
-0.004662
0.007472
-0.033899
0.073424
-0.026739
0.016502
0.017749
-0.021755
-0.002778
-0.031705
0.05913
-0.045077
-0.021744
0.066292
-0.061246
0.024924
0.041413
-0.04133
0.047639
-0.009596
-0.048789
0.039869
0.012808
-0.032296
5.8e-05
0.033656
-0.039132
-0.048462
0.114542
-0.065878
-0.024814
0.069755
-0.051873
0.059494
-0.003963
-0.010804
-0.014535
-0.020132
0.042707
0.018135
-0.027902
-0.008924
-0.025098
0.019699
0.028722
-0.011404
0.028105
-0.054016
0.012867
0.016291
0.000428
0.004475
-0.016054
0.040564
-0.052756
-0.026935
0.045237
0.037462
0.017244
-0.052123
-0.011059
-0.011056
0.020986
0.007302
0.01788
-0.007937
-0.054284
0.104676
-0.042148
-0.0493
0.062066
-0.0129
-0.03685
0.037498
0.016659
-0.028134
-0.005423
-0.010087
0.036265
-0.000439
-0.002614
0.007964
0.016055
-0.0642
0.022903
0.052768
-0.057349
0.027576
0.015757
-0.023436
0.001141
-0.012544
0.006434
0.028834
0.009549
-0.019689
-0.017509
0.0164
-0.031192
0.049378
0.021384
-0.064159
0.054984
-0.000696
0.00895
-0.044241
0.023575
0.05064
-0.082808
0.080508
-0.07316
0.01301
0.04132
-0.052622
0.034169
-0.023999
0.029819
0.034798
-0.001595
-0.058519
0.018007
0.017076
0.000281
0.00246
-0.00407
0.002465
-0.053526
0.047886
0.0426
-0.056008
0.004343
0.026431
0.048831
-0.015559
-0.027689
-0.000312
0.016177
-0.005596
0.00996
-0.058162
-0.013366
0.118532
-0.0594
0.005928
-0.000914
-0.030152
0.016822
0.065352
0.001895
-0.046008
-0.001833
-0.022673
-0.006495
0.04639
-0.014578
0.017153
0.021822
-0.01706
0.002229
-0.078337
0.082179
0.008768
0.004415
-0.040688
0.008153
0.039573
-0.069922
0.057309
0.01936
-0.020144
-0.010498
-0.054668
0.052654
0.064166
-0.08328
0.037419
0.039598
-0.031324
-0.084826
0.031517
0.046451
-0.008296
0.047078
-0.04562
0.016597
0.023132
-0.048724
0.026558
0.033715
-0.035963
-0.00392
-0.005784
-0.009204
0.042126
-0.015732
-0.058346
0.07324
-0.001727
-0.002347
0.02223
-0.033449
0.037789
-0.031578
0.027839
-0.043395
-0.014774
0.060197
-0.068896
0.034694
0.022564
-0.028138
0.009193
0.038436
0.016974
-0.012887
-0.010085
-0.021281
0.037825
-0.028742
-0.029984
0.051519
-0.019092
0.012017
-0.009445
-0.052059
0.027578
0.097882
-0.019079
-0.046762
0.050917
-0.064177
0.061809
-0.012535
-0.042707
0.038486
0.000537
-0.013148
-0.012523
0.029474
-0.022162
0.007081
-0.001005
0.022017
-0.012199
0.028243
-0.015927
0.009272
-0.002235
0.01021
-0.010319
-0.02307
0.030747
0.003064
-0.008443
-0.021195
0.041644
0.001518
-0.039541
-0.033629
0.067161
0.001527
0.004951
0.002154
-0.021797
-0.001886
0.043222
-0.074983
0.017719
0.04354
-0.037026
0.014304
-0.005292
-0.014622
-0.00902
0.037332
-0.002794
0.055068
-0.056605
0.004367
-0.035448
0.05601
-0.010868
0.003132
-0.012108
-0.010861
0.051978
-0.055029
0.040472
-0.018007
0.017457
-0.004937
-0.013334
-0.011154
0.075637
-0.104783
0.042357
0.03396
-0.049094
0.03272
-0.029803
0.029925
-0.029487
0.053571
-0.011441
-0.003973
-0.027301
0.016252
0.002567
0.013146
0.011904
-0.038177
0.033683
-0.035373
0.040531
-0.020126
-0.000837
0.007875
-0.003632
-0.005496
-0.045933
0.088764
-0.030375
-0.010775
0.003847
-0.037834
0.03216
0.01723
-0.007031
0.00417
0.030613
0.005419
-0.039996
-0.020085
0.034977
-0.009504
-0.002036
0.003255
-0.03656
0.013836
0.037791
-0.014156
0.034062
-0.024106
-0.01726
-0.002326
-0.002013
0.018209
-0.008541
0.046521
-0.021913
0.008575
-0.057993
0.007335
0.069241
-0.061097
0.03005
-0.04616
0.011701
0.075474
-0.038377
-0.017222
0.003311
0.023845
-0.012549
0.002696
-0.011611
-0.021874
0.058074
-0.007871
-0.014713
0.009864
-0.024973
0.042532
-0.001638
0.005207
-0.014388
-0.007853
0.010814
-0.000383
0.040992
-0.066637
0.032598
0.020779
-0.047966
0.036337
-0.024631
0.049718
0.047543
-0.082172
0.008352
0.008977
0.008979
0.018624
-0.067541
0.067467
-0.016209
-0.017762
0.062497
-0.049487
0.045081
-0.005932
-0.042637
0.025491
0.014294
-0.027698
-0.00281
0.024567
0.024258
-0.008714
-0.025509
-0.005287
0.051019
-0.00155
-0.039188
0.019296
0.009655
0.041387
-0.05131
-0.024556
0.027707
2.4e-05
0.008736
0.010293
-0.008058
0.04265
-0.035739
-0.036047
0.042345
-0.003691
0.025863
0.030531
-0.05159
-0.015503
0.016229
-0.008033
0.023699
-0.018916
0.002862
0.022773
0.002866
0.015934
0.021846
-0.07334
0.084999
-0.037873
-0.037871
0.064164
-0.063374
0.048926
0.023731
-0.052791
0.035556
0.001651
-0.082336
0.077869
-0.028827
0.044278
0.04428
-0.085746
-0.011398
0.016912
0.014115
0.04398
-0.006411
-0.044049
0.027811
-0.065197
0.041814
0.029062
-0.022885
0.064218
-0.066119
-0.012301
0.086622
-0.033761
-0.015094
-0.011359
-0.030643
0.062992
-0.007931
-0.021615
0.016338
-0.037476
0.042472
0.006079
0.019146
-0.009159
-0.053951
0.067058
-0.033105
-0.017549
0.099106
-0.093446
-0.02843
0.087292
-0.083485
0.07081
-0.020955
-0.070724
0.114367
-0.022503
-0.007881
0.03225
-0.080356
0.034121
0.048744
-0.051731
0.03475
-0.020308
-0.003196
-0.011904
-0.011591
0.062447
-0.031495
0.014857
0.030413
-0.041442
0.038817
-0.019663
-0.03397
0.048156
-0.046719
0.021719
-5.4e-05
-0.012806
0.109448
-0.07346
-0.031152
0.059372
-0.08683
0.075242
0.037915
-0.073447
0.051607
-0.041402
0.011794
0.047259
-0.041706
0.0174
-0.012772
0.035136
-0.001879
-0.031118
0.050385
-0.072486
0.036081
0.042304
-0.047594
0.052885
-0.051633
-0.033277
0.086488
-0.058781
0.046986
0.062853
-0.134365
0.053837
-0.008376
0.003136
0.036112
-0.062185
0.035184
0.000968
0.005947
0.009371
-0.017379
0.011242
0.002535
0.010314
0.040801
-0.047852
-0.01021
-0.00212
-0.005229
0.074097
-0.031043
-0.005533
-0.012063
-0.019216
0.065399
-0.032276
-0.045961
0.012212
0.007859
0.057944
-0.020444
-0.036306
0.027155
0.000716
0.029337
-0.011723
-0.010787
0.01379
-0.014204
-0.008914
0.006642
0.018465
-0.004241
-0.003928
0.008829
-0.009211
0.020343
0.012568
-0.014493
0.001996
0.002621
-0.032528
-0.010751
0.036223
0.02596
0.029384
-0.044338
-0.023493
0.01446
0.02255
0.029707
-0.012597
0.016957
-0.017881
0.001408
-0.04805
0.030031
0.050253
-0.067019
0.031905
-0.03093
0.040308
0.025068
-0.042744
0.021651
0.023519
0.007657
-0.04429
-0.023446
0.028195
0.038462
-0.045214
0.006737
0.03007
-0.014722
-0.008187
-0.02125
0.009859
0.056523
0.002398
-0.065725
0.04813
0.022314
-0.053586
0.009875
-0.019363
0.038498
-0.013759
0.009884
0.035395
-0.007842
-0.005351
-0.02868
0.014251
0.023896
0.036341
-0.071288
0.001195
-0.014357
0.016753
0.02982
0.001515
0.02858
-0.007813
-0.005322
-0.041404
0.026412
0.017393
0.005575
-0.026464
0.027043
0.030156
-0.027701
-0.022099
-0.018364
-0.003119
0.018347
0.051323
0.004664
-0.007465
-0.016484
-0.038879
0.017738
0.042315
0.004989
-0.040737
0.019614
0.04699
-0.027354
-0.041972
0.016823
0.011226
0.030515
-0.01521
-0.026096
0.042031
-0.001828
0.014662
-0.010533
-0.008042
-0.017372
0.023381
0.015295
-0.001501
-0.013941
0.021212
0.012816
-0.047841
0.038639
0.005979
-0.018594
0.030247
0.005986
-0.030408
0.031187
0.029012
-0.057775
0.007241
-0.002089
0.001335
0.04831
0.01596
-0.0139
-0.026652
0.016278
-0.028825
0.02126
0.032772
0.019398
-0.028816
-0.02197
0.005718
0.006964
0.021276
0.022522
0.00386
-0.060841
0.018796
0.021287
-0.020083
0.060487
0.019116
-0.076381
-0.006076
0.029078
0.016015
0.024416
0.004199
-0.029084
0.01478
-0.001705
-0.006369
0.016031
-0.000454
-0.018805
0.03408
-0.011335
-0.017243
0.037197
-0.033103
0.02507
-0.01039
-0.001678
0.052451
-0.02967
0.012638
0.005486
-0.071036
0.05184
0.024157
-0.00166
0.017318
-0.05516
0.012345
0.013281
0.011417
0.059013
-0.057326
-0.019684
0.072396
-0.0315
0.015163
0.000545
-0.030249
0.006149
0.021394
-0.007845
0.021709
0.013624
-0.032724
-0.005658
-0.005656
0.026076
0.019857
-0.026491
0.000263
0.029507
-0.01373
0.045065
-0.030213
0.001519
-0.011544
-0.014652
0.037921
-0.013714
0.005574
-0.0022
0.012423
-0.009972
0.029847
0.019895
-0.06347
0.020833
0.041677
-0.037955
0.048836
0.001866
-0.060346
0.001249
0.039824
-0.026743
0.03143
0.031432
-0.064998
0.031748
0.02584
-0.026418
0.000958
0.008737
-0.013969
0.023673
0.017454
-0.013651
0.007815
-0.000581
-0.013644
0.006889
0.032399
0.003472
-0.040387
0.024629
0.025254
-0.011762
0.020281
-0.024511
-0.024509
-0.000865
0.024956
0.047045
-0.024189
-0.02512
0.002257
0.010347
-0.001471
0.024972
0.008176
-0.028217
0.034933
-0.008926
-0.035676
0.041784
0.052673
-0.039713
-0.021046
0.001975
-0.008599
0.034332
-0.017615
0.016605
-0.006412
-0.000189
0.026255
-0.012316
0.003862
-0.004223
0.000756
0.005735
0.018803
-0.031278
-0.010433
0.010411
0.038098
0.009171
-0.030955
0.004198
-0.003576
0.005136
0.00576
-0.002947
-0.000768
0.044029
0.007325
-0.040889
-0.017245
0.011687
0.027243
0.019779
0.015115
-0.009768
-0.048028
-0.010075
0.064585
0.032858
-0.027488
-0.021575
-0.020329
0.005804
0.00705
0.003631
0.023542
0.039409
-0.00725
-0.058575
-0.022488
0.034129
0.020133
0.000538
0.051556
0.011119
-0.065714
-0.031805
0.022324
0.041302
0.056236
-0.030862
-0.014995
-0.003794
0.013317
0.044427
0.008966
0.005236
0.013637
-0.019334
-0.05355
0.037285
-0.003152
0.007427
0.016139
-0.050117
-0.019007
0.011791
-0.016514
0.026727
0.066858
0.04664
0.041043
0.009316
0.039181
0.074957
0.077448
0.116956
0.168908
0.121627
0.116652
0.108878
0.118212
0.163009
0.094886
0.064714
0.06285
-0.007761
-0.074017
-0.111344
-0.100765
-0.059701
-0.080541
-0.134665
-0.115999
-0.075246
-0.042892
0.020258
0.050123
0.085899
0.049195
0.1111
0.286237
0.292772
0.05978
-0.120951
-0.01705
0.003483
-0.00087
0.128539
0.260436
0.291857
0.175829
0.146279
0.179877
-0.035383
-0.262775
-0.155142
-0.109412
-0.215796
-0.161978
-0.207704
-0.301646
-0.522194
-0.575074
-0.113129
0.39019
0.424099
0.279141
0.664874
0.84872
0.759134
0.544184
-0.056495
-0.29633
-0.192741
-0.191494
-0.287924
-0.318096
0.137628
0.455547
0.153808
-0.388701
-0.749854
-0.49415
0.265492
0.561947
0.326467
0.448099
0.508138
0.428506
0.401445
-0.118667
-0.541102
-0.247135
-0.153811
-0.358495
-0.540159
-0.15256
0.244682
-0.20606
-0.735815
-0.774697
-0.447135
-0.202007
0.218566
0.739926
1.169831
1.236714
0.686118
0.185603
0.019182
-0.085959
0.016698
0.235073
0.652846
0.596856
0.511002
1.049471
0.762975
0.145498
-0.035544
-0.556278
-1.34889
-1.280452
-0.852724
-0.415042
0.147691
0.475564
0.619282
0.466237
-0.007525
-0.510528
-0.277843
-0.130081
-0.125724
0.025771
0.084255
0.045995
-0.030838
0.276505
0.401247
0.451332
0.08458
-0.31608
-0.202536
0.011173
0.249146
0.086146
-0.045435
0.016782
0.251644
0.395362
-0.129416
-1.112093
-1.285047
-0.244506
0.156158
0.564599
1.384901
1.697531
1.289095
0.105776
-0.043537
0.573323
0.527597
-0.225508
-0.76024
-0.629276
-0.166397
0.857657
1.578104
1.314939
0.0187
-1.076274
-0.761466
0.27192
1.658064
2.12032
1.148531
-0.760522
-0.994757
0.273178
-0.004608
-0.33932
-0.341806
0.067257
0.587684
0.513651
0.285637
0.470106
0.770604
0.008167
-1.223369
-1.689354
-1.101735
-0.734044
-0.549265
0.22251
0.777155
1.374417
1.398061
0.848709
1.451259
1.766378
1.470861
1.575695
1.281422
0.286924
0.299992
0.816375
0.692882
0.919345
0.864598
0.879532
0.55353
0.048661
0.657744
0.821993
0.258331
0.299084
0.168435
-0.75856
-1.26374
-1.500153
-1.549301
-1.756784
-1.386294
0.146054
0.357897
0.72652
1.377287
1.036354
1.004004
0.35542
0.40426
0.968549
0.093503
0.093194
0.298816
-0.293154
-0.262044
-0.68479
-1.571035
-1.907614
-1.713813
-1.435089
-1.163209
-0.257985
0.544275
0.844151
1.017732
1.231442
1.558693
1.352765
1.135016
1.34717
1.22772
0.590956
0.671837
1.250124
2.082869
2.105579
1.086196
0.734997
0.04255
-0.106451
0.393756
-0.141598
-0.378011
-0.805423
-0.719876
1.398844
1.154032
-0.239572
1.063515
0.772664
-1.176206
-0.068162
1.070056
0.876571
1.396065
0.922303
-0.535071
-2.108476
-2.978234
-2.319379
-1.0446
-0.358059
1.047371
2.592472
1.532027
0.040434
-0.140297
-0.148071
0.531625
0.727292
0.188516
1.304648
1.838452
1.12703
1.326119
1.596133
1.482593
-0.60066
-1.921473
-0.052234
1.434386
1.688224
2.383785
2.622692
1.522118
0.188861
-1.16026
-1.995177
-2.432855
-2.216035
-1.922068
-0.925388
0.368366
0.563411
2.009281
2.183173
0.144092
-0.713845
-0.014862
2.2146
1.563838
-1.439569
-0.898922
0.042076
-0.799374
-1.763698
-2.816056
-3.660305
-4.081185
-3.64257
-2.122354
0.207896
2.028297
2.912991
1.441929
0.138536
1.399317
1.997201
1.524061
1.18375
1.627653
1.619568
1.993168
1.632948
0.411989
-0.126165
0.273877
1.887726
2.316387
1.937502
2.331945
2.699324
2.612848
1.351139
-0.087571
1.53001
2.160869
0.294122
0.468947
3.513109
5.597612
2.838086
-1.544619
-2.65297
-0.795551
1.167011
-0.209796
-3.593023
-3.891029
-1.155762
1.11134
1.597861
0.655623
0.934969
1.583247
-0.284122
-1.632621
-2.555261
-1.22791
0.59218
-0.920877
-1.634165
0.010791
1.979885
1.723563
0.852561
2.395486
4.75031
6.320609
4.637084
0.630467
1.454812
4.16426
3.271172
1.155256
-0.766862
-2.42239
-2.370438
-1.751401
-1.152272
-1.822943
-2.389716
0.150508
1.703387
2.23999
3.796601
3.814957
1.42903
1.456406
1.632476
0.234827
0.295489
-0.912716
-3.458535
-4.261723
-2.226993
-0.315758
0.537517
0.18974
-1.125163
-0.979579
0.16455
1.309301
1.878255
2.619544
4.505271
3.290844
0.323211
0.901186
4.129504
8.419824
9.866938
8.47831
4.629407
1.936451
5.110019
4.90067
-3.274014
-8.503459
-3.610902
1.641878
3.566489
2.250653
-1.408496
-0.518825
-0.09763
-5.07044
-9.441946
-8.305594
-3.146758
2.432026
5.164804
7.81577
10.118957
8.603412
4.049928
0.642437
1.376261
2.639841
3.466364
1.249972
-3.403677
-2.876406
-0.189978
0.220329
-2.869245
-9.12803
-9.058659
-2.646821
1.378154
3.361247
5.511074
4.360106
-0.13614
-1.533788
0.379002
1.6768
1.923794
1.37102
-1.178843
-0.085419
3.737981
1.881811
1.66344
2.148094
-1.266552
-2.769343
-2.600428
1.524402
6.621334
1.634526
-6.689162
-8.795123
-2.73822
5.697459
6.219442
4.101659
1.240724
-0.656197
2.333527
5.840255
2.135067
-4.378798
-5.623088
-3.980309
-2.017125
-2.864175
-4.856906
-10.06862
-9.991782
1.657902
8.317976
5.897209
5.605113
1.50984
-1.9496
1.171397
-0.479464
0.22854
0.579743
-2.303901
-2.520716
-0.159981
2.038996
1.892172
2.538272
3.534019
-1.488562
-8.127168
-3.583634
1.416244
-2.161715
-4.800545
-2.940326
-2.856957
-7.481054
-8.606202
-0.780227
1.168026
-6.582666
-10.311806
-8.245657
-5.539009
-6.199415
-6.451382
0.779822
6.917294
5.377174
9.922574
13.218083
4.083117
-3.056938
2.033773
7.082801
5.295378
1.902507
-1.39953
-0.549365
-0.681569
-2.805573
-2.807748
-0.656987
1.909678
6.015221
6.755888
1.178974
-1.62348
-0.149614
-0.271552
1.706563
1.548229
-6.496737
-9.160453
-5.17405
-0.629894
3.71673
4.823219
1.429726
1.509363
1.72525
0.642719
0.663252
-1.263843
-5.486034
-5.621971
-0.636402
2.521924
4.099688
0.766233
-7.8284
-14.060122
-9.729051
-2.225347
3.889105
1.827627
-3.749597
0.016254
4.347636
1.809283
-0.575711
1.833551
3.51708
2.86974
-0.229789
-1.534116
-4.077135
-5.648362
-3.758902
-9.701949
-13.013318
-6.506603
1.116242
6.311474
6.751955
1.464962
-7.707022
-6.779711
1.566689
7.075482
8.734126
7.239422
8.409059
9.839686
3.559436
-3.722157
-2.303973
-0.470818
-3.600832
-4.140852
1.301371
-0.26799
-6.265163
-7.27397
-2.850199
4.852591
6.331434
3.692605
2.36277
0.726218
-2.130985
0.617658
1.313219
-5.416842
-3.48041
2.141613
3.791858
3.202065
-0.498145
-1.668399
2.449276
4.176666
2.805148
5.763765
8.772465
8.243643
7.068412
4.068426
0.851623
3.192138
5.224069
1.989846
-3.590178
-5.066217
-1.928733
-1.74862
-2.263443
-0.117971
5.868319
6.575079
3.290773
6.251568
6.048751
4.113568
2.840349
-3.643653
-12.368936
-13.27229
-5.80156
-3.807891
-11.274573
-15.403131
-6.358682
1.90124
2.902897
3.638587
3.847008
6.60405
11.584641
10.642404
6.651651
1.479754
-0.866044
3.061876
7.149377
10.601356
7.676028
3.46628
4.252363
4.370573
1.99149
5.060227
0.110436
-9.443545
-3.025175
2.030385
0.264426
1.877342
2.68489
-2.349824
-8.236877
-16.016187
-14.227205
-4.749121
-2.327415
0.772118
4.833178
2.813383
-1.771519
-7.419668
-7.815662
2.656922
6.832768
0.562473
-0.780427
-0.14988
-2.086307
2.952766
-0.106012
-11.369028
-13.427706
-7.985794
-4.949408
-2.344792
3.68256
3.716469
4.106245
7.780019
2.267187
-8.66827
-5.599533
0.086883
1.771345
8.416177
6.150013
-2.419734
-5.280358
-7.024231
-6.673338
-6.810208
-5.908717
3.565946
6.559092
3.589281
4.110952
3.077881
-0.685788
-5.220296
-4.84794
-1.330324
1.95803
2.941023
-1.523805
1.081744
1.712914
-6.5778
-4.802505
0.001708
6.387727
10.438521
7.067115
6.643125
4.889298
2.196341
3.874893
2.608829
-5.80196
-11.041048
-12.335731
-11.387268
-3.783398
1.798497
-3.813568
-10.285127
-12.336651
-13.575652
-14.598147
-14.146778
-9.557516
-5.849835
-5.834902
-12.28593
-13.644695
-10.484502
-5.001528
2.175861
-7.799625
-12.397592
-6.39917
-9.350939
-11.506983
-9.377686
-10.11866
-3.289984
3.493275
-1.697908
2.528953
10.916416
13.684034
18.327111
12.198665
0.256888
2.904432
0.347726
-7.861487
-7.548235
-3.464778
3.834862
7.034872
7.315151
8.277613
9.048765
7.423411
-1.857137
-5.281737
-1.192058
-1.382122
-2.412393
-7.261396
-6.534416
-6.143706
-7.63281
-1.760684
0.247605
-1.78712
-2.23693
-5.728721
-5.042492
2.706649
4.786796
5.911638
4.577759
-1.644631
-0.333456
7.201355
6.68591
7.378671
8.213282
6.481541
3.295846
-3.080525
-1.604793
7.595814
19.215013
19.334156
5.043467
-4.94135
1.151016
5.120931
0.270684
-1.465412
-3.650386
-1.817853
3.191046
-1.508642
-3.472132
1.615779
-0.520357
-2.634406
-6.696394
-14.260131
-13.998516
-15.241251
-15.65342
-11.610402
-9.90852
-6.297583
-4.156777
-7.971462
-4.558678
4.081997
0.048317
-2.89692
3.150341
0.312113
-0.091346
5.316037
2.443592
4.739935
12.765619
15.426228
15.492489
17.826472
19.755438
25.773457
25.726487
19.824814
15.478816
12.643699
14.713892
8.577358
1.866894
-0.959201
-5.513307
-12.18893
-9.825084
-1.45442
2.116389
8.762776
10.612418
-0.28571
-6.774689
-4.84759
-6.359714
-11.571739
-17.01458
-19.711269
-20.128416
-18.36463
-12.970311
-9.123892
-10.957976
-12.465744
-13.549831
-11.887144
-7.175942
-2.289606
-4.148264
-0.889151
11.370859
14.179228
15.6027
12.697592
5.936112
3.175342
5.583982
17.44924
26.075295
18.683893
10.70363
13.102005
11.48225
8.888215
11.418485
10.994184
5.061091
0.45908
-3.899049
-0.214388
11.599854
10.117594
5.021599
-4.268904
-10.1712
-0.154648
5.305306
2.472989
1.541639
4.89563
2.36101
0.563011
-5.379725
-13.48224
-4.758819
-4.370909
-9.038245
-0.966211
7.179548
1.960991
-1.291275
3.741577
-0.433642
-5.545813
-2.7334
1.733299
-6.480269
-9.73409
-6.076492
-2.225718
1.80859
2.105356
7.491897
15.907667
21.086101
17.054909
9.032339
-0.440141
0.261953
7.990563
7.656784
-1.869201
-10.31794
-18.118092
-19.554002
-13.891539
-8.334841
-0.377281
-1.401331
-0.735011
0.563099
3.162116
5.409931
5.946845
-0.357357
-16.328462
-17.292786
-11.459855
-13.470628
-15.589966
-8.601399
-11.206943
-12.713467
0.010974
2.1692
1.538347
2.758688
0.148788
-0.164771
-3.552664
-2.643085
0.22501
-3.769164
1.105973
6.077855
-4.59319
-12.1871
1.022304
11.128755
11.681223
13.219792
7.452813
7.597153
13.638814
15.36776
8.507048
0.038712
8.760888
13.781297
5.892489
-2.539763
0.416366
8.950343
3.893233
-4.507912
-7.993794
-10.487974
-12.432178
-13.137067
-17.722591
-21.238335
-11.023942
-4.528736
-17.125944
-20.493618
-11.870362
-3.780597
4.760536
12.784665
7.697069
7.500784
23.851714
22.505081
18.293156
23.783907
22.098516
20.259455
20.720156
4.325681
-1.944615
13.139004
14.798269
8.784609
2.819166
-7.164718
-15.201597
-13.86087
-8.530944
-13.112424
-18.239215
-22.628141
-35.896023
-41.222523
-33.760502
-38.142274
-33.211143
-14.242223
-17.759212
-25.52639
-27.399047
-22.016238
-11.867481
-9.015873
-11.046555
-9.956553
0.23451
1.266653
-2.01952
5.581861
8.29442
10.88286
15.324051
11.54545
6.673117
8.675495
7.426851
5.130513
12.093572
15.662203
21.51131
21.837939
17.509983
23.858362
27.696072
22.449828
22.722953
29.585847
34.015217
34.021129
27.786296
26.778422
35.095582
41.082494
37.787923
31.223353
30.558903
32.075075
29.045538
27.371968
23.990918
12.566455
-2.640344
-20.695327
-32.036734
-34.154205
-37.212361
-38.757458
-40.901371
-44.835197
-41.855116
-40.531187
-43.583432
-35.836158
-33.788674
-39.937651
-35.840507
-27.413849
-19.66222
-9.367258
-0.739648
-8.28472
-14.710863
-11.112991
-8.721148
-1.261928
14.420817
28.488161
36.933794
43.176719
34.151873
22.430335
16.198924
5.682794
7.003301
13.711592
10.169095
9.075054
12.533254
3.424107
-3.924989
-0.819235
3.422558
5.852352
1.251274
1.637629
1.548042
-6.928072
-17.172013
-25.007627
-24.613806
-14.526642
-9.479481
-8.137821
13.017009
31.048355
29.355187
27.946962
19.989407
6.117111
1.634863
1.18972
2.974037
7.951206
11.781761
16.231039
18.682297
12.861813
6.999956
12.294731
17.222751
11.453284
5.234004
0.546448
-7.877405
-19.463004
-30.494893
-30.385704
-27.489612
-29.993747
-26.116532
-21.867273
-26.594646
-35.411696
-33.62769
-34.615967
-51.162246
-56.318589
-45.006108
-35.962904
-33.553952
-27.92944
-20.222916
-19.535132
-15.093319
-5.728465
-1.798367
1.11981
6.902348
21.259611
31.315668
30.59056
28.609027
28.849489
33.441239
39.143831
39.389581
35.872903
27.962009
10.964674
-1.576541
-6.023637
-3.949712
-10.285643
-21.089827
-23.147572
-18.618348
-16.719245
-21.647883
-8.761683
1.294063
-10.216567
-14.398318
-2.414542
2.969511
7.67978
19.818782
23.196726
20.052091
25.838673
30.779447
17.238132
9.372655
6.375158
-0.188168
-4.655484
-10.69994
-17.099331
-22.308556
-22.665044
-20.840598
-21.782836
-23.019038
-17.356575
-10.83835
-13.093004
-16.707981
-21.794954
-28.791294
-26.740699
-21.564443
-15.340493
2.59722
25.370251
35.511543
37.58889
34.819721
24.793531
13.317741
1.00361
-10.774232
-8.426874
2.286792
7.424475
8.84297
10.499747
12.272554
11.770485
8.887152
4.975412
11.164832
16.94457
17.366698
17.89117
15.025257
9.588637
5.449814
1.080485
-9.072
-17.883139
-8.074385
0.262684
-0.116823
4.874034
3.184288
-0.2484
-1.726928
-4.371357
-13.581291
-4.993187
11.126616
3.91688
-4.682418
-10.471172
-18.052018
-22.515913
-25.302191
-25.011335
-25.275123
-17.224864
-1.831105
3.857799
7.164818
10.42051
8.270065
0.064896
-1.577878
1.493969
0.534934
3.537101
11.801067
9.813314
-2.25787
-3.343824
-8.66628
-22.543864
-20.136779
-4.987524
5.575583
11.833751
17.898431
14.314873
11.061052
11.06572
3.638856
-2.201848
-8.475253
-2.822122
9.8737
8.380552
10.625257
20.559374
22.630189
14.88883
11.633142
11.06637
5.720583
5.018183
8.264543
10.802589
11.029986
5.593677
-4.351323
-18.395331
-38.160282
-47.387326
-41.994874
-37.657582
-38.063219
-38.306164
-41.685036
-44.692176
-34.895865
-15.756477
-6.772999
-13.648642
-9.506392
-7.046425
-17.926199
-18.292019
-14.09782
-9.427679
8.207982
28.270945
29.720858
30.37598
42.663053
49.310996
52.525626
52.971396
41.338514
41.465123
49.723179
41.872944
36.575063
30.83017
23.466453
17.540515
-5.654637
-24.532719
-25.182548
-26.364934
-28.96799
-30.401101
-25.571691
-18.375327
-13.463483
-10.168907
-9.858765
-11.451146
-15.644718
-13.664425
-13.642648
-10.494898
-3.293557
-7.256002
-7.09362
-0.665917
-4.206858
-8.887571
-5.886336
-0.735899
2.673462
7.367556
15.919887
19.273566
27.225838
30.922631
20.604965
13.296931
16.149783
23.394674
25.350392
25.164062
23.543685
25.772525
29.452209
30.270022
32.893614
30.227721
23.382252
17.777653
15.086252
14.00932
14.818112
20.690549
23.648544
24.683175
21.694388
13.713192
12.147253
10.33681
-0.230335
-11.505795
-18.838715
-26.2774
-27.563062
-25.521488
-12.705903
6.143254
3.849716
-3.433744
-9.20259
-16.078855
-12.6163
-2.859806
2.171802
2.803282
4.130944
0.416735
-6.56374
-13.570656
-15.148416
-12.016842
-19.691943
-34.466972
-39.604651
-32.727448
-33.125619
-38.426922
-42.681776
-51.104385
-55.3104
-53.820047
-50.992081
-52.521935
-42.746154
-35.48602
-33.704192
-34.484983
-37.867588
-30.061832
-23.819218
-14.022906
-5.65473
5.775959
20.598587
27.867431
33.791507
41.227397
42.02779
36.185842
35.487174
32.966864
24.588738
19.382623
8.775971
-1.344163
-0.54968
-3.967437
-10.767178
-8.028178
-7.073804
-11.690436
-9.931316
-20.696304
-35.698417
-33.801803
-28.853875
-26.741687
-14.690096
-3.354907
-4.422818
-4.120764
-3.367343
-1.514279
-0.522887
-2.08696
0.511435
2.116263
6.356189
15.928839
15.834587
12.852955
27.524402
30.336192
13.355655
10.394554
10.675455
11.636051
15.525398
13.5336
12.270024
14.681153
12.285271
3.767163
-2.728971
-2.445893
5.176641
14.077996
22.56438
27.13311
32.486056
37.476291
35.514667
24.874419
12.963749
9.313932
6.008162
-3.774458
-12.745177
-14.724532
-13.208361
-6.793101
2.210286
7.200832
11.29642
14.649478
11.669401
10.307215
2.698684
0.925259
6.212569
3.012252
5.556209
4.979793
10.676786
22.59897
22.493207
18.628439
17.500491
7.916336
1.53561
7.778846
9.688836
17.524455
27.828749
26.166688
17.398166
13.043458
10.888347
9.948909
8.854246
5.74974
11.535388
9.561321
4.654459
3.081987
1.459433
8.939807
18.015984
22.084199
19.181579
15.595221
11.246424
7.112889
0.104417
-10.296616
-20.25157
-22.698779
-17.12466
-12.928284
-12.838381
-15.663855
-9.16305
-8.503573
-7.628211
-5.060302
-13.187703
-14.211753
-11.59656
2.346354
18.812692
26.910857
32.807558
39.772483
41.25537
35.363029
28.916666
12.78567
6.916969
6.859423
0.889624
-0.216238
-6.069384
-14.856882
-16.128857
-18.972683
-22.508336
-23.43502
-29.723669
-36.522166
-42.701006
-43.529702
-36.508783
-34.286787
-32.404171
-19.817846
-9.959631
-7.939832
1.217536
16.313287
22.640513
22.954388
20.131714
15.176635
15.585387
11.816741
8.351701
1.928047
-9.707945
-6.028572
-2.852515
0.912714
12.842675
16.780239
6.187896
-5.686067
-13.099245
-18.026016
-15.3259
-19.729758
-19.404062
-10.973983
-3.345539
13.861464
32.743906
34.839295
32.386487
27.554282
15.740045
11.532163
6.211574
3.330419
4.766022
1.603657
-4.190385
-5.638117
-8.226552
-17.868879
-32.599425
-45.535702
-49.262665
-53.431663
-55.726446
-47.6569
-37.292569
-32.444495
-32.05254
-30.227473
-21.337006
-17.689051
-21.528933
-16.299173
-9.569418
-5.750995
3.317717
6.735478
6.569678
14.712326
14.490222
8.639253
14.475295
15.18361
17.575142
14.093615
-3.452452
-8.062551
-5.507396
-7.887413
-19.099724
-24.496526
-28.250241
-24.667923
-16.285749
-20.954952
-15.447403
-11.054428
-4.43946
9.129545
17.997615
22.960786
22.998117
19.352655
14.046064
17.182615
23.980806
26.674389
26.450107
28.84506
29.591949
28.343304
19.953358
9.962008
9.884864
9.266453
4.871306
-5.132176
-13.511235
-12.87571
-11.272438
-14.175991
-22.2334
-25.921479
-21.979871
-21.136239
-27.629574
-30.222675
-26.456202
-34.393537
-43.24356
-46.919818
-46.175729
-41.760358
-37.568958
-37.160206
-42.331481
-32.469222
-17.748936
-9.941003
-3.201294
7.610049
27.333943
39.304032
41.557758
47.768643
46.180929
43.631377
41.759965
36.846258
37.046281
31.858519
27.222601
28.875645
34.35893
35.064446
30.022267
22.905542
10.341619
-0.493361
-5.033468
-1.484435
3.942857
10.845568
15.919171
9.400639
12.168257
21.753662
23.867405
24.110977
18.935037
18.476828
23.933672
29.412603
33.90792
32.617903
34.528826
38.143496
34.195983
23.861208
23.44064
29.815771
23.11744
13.311178
1.638479
-10.465056
-15.159145
-10.69369
-15.640059
-27.177753
-25.510088
-28.725025
-37.873989
-49.9993
-67.857685
-82.072472
-78.443804
-71.504386
-65.292568
-50.731241
-37.916588
-30.418795
-27.641222
-17.332573
-8.757845
-4.827747
-5.921166
-5.858327
1.540856
2.492431
7.817691
17.79598
20.430771
15.103649
15.928927
23.396236
26.132747
28.827574
36.394737
39.806587
34.63749
33.561491
29.743695
19.28387
12.803289
5.332252
-0.221642
-3.980334
-13.865919
-22.149168
-22.727761
-23.555524
-29.086088
-34.434985
-38.889236
-40.047981
-36.842994
-31.546975
-25.033727
-14.647621
-8.832732
-9.654273
-8.863835
-4.992218
-4.294479
-10.926864
-8.15489
0.732466
5.620358
10.498917
15.202343
14.226198
13.896152
15.565372
12.314039
7.945955
-1.013877
-8.187839
-11.429217
-14.352367
-17.157932
-17.847889
-11.237276
-4.106237
0.555504
5.516187
9.903562
11.007251
17.388915
21.111527
15.213587
11.864266
7.566796
11.599548
14.849018
5.590245
2.316827
2.607993
-3.9544
-11.468676
-13.287828
-13.182061
-13.142552
-9.551835
-0.057575
-0.461345
-12.032013
-15.866296
-20.528966
-24.087638
-17.047744
-9.627719
-5.459028
0.185704
1.217536
1.007253
2.07859
-7.019358
-13.96997
-17.065766
-22.185091
-23.120485
-21.63822
-27.099104
-36.838796
-29.955682
-15.274903
-9.997859
-3.418975
5.904817
15.183814
27.65722
33.645065
29.388656
26.674236
26.825109
24.115355
20.058343
8.78164
2.566405
7.294405
3.795147
3.495897
2.7711
-3.498573
-3.99691
-10.599431
-20.564962
-21.66087
-18.589022
-16.705473
-13.056896
-14.190755
-18.108094
-13.599712
-6.275186
0.778707
9.075647
16.985301
22.915909
26.641944
32.156025
36.872826
40.857984
39.966763
34.802954
30.29582
23.265885
25.966933
32.951146
29.413937
23.068673
19.223192
13.059284
7.788777
1.472754
-4.085184
-0.580634
1.119382
0.635666
-0.806777
-2.863901
-0.369715
7.310367
12.135422
7.209273
5.206899
4.163251
-0.859331
-10.453129
-18.552533
-17.414937
-11.586361
-3.321773
3.643153
7.94685
7.548678
5.205679
0.710055
-3.958837
-7.455605
-9.444915
-5.863529
-7.502259
-10.62543
-8.690865
-6.606051
-3.079726
-1.854096
-5.082098
-9.776498
-13.515904
-15.74505
-15.688433
-12.82096
-4.934636
5.995537
13.500796
17.262292
17.123867
12.982244
2.511531
-11.200563
-18.145264
-15.069995
-8.185326
-5.572933
-2.206499
4.859214
14.090617
22.303568
24.478903
28.269329
28.046292
19.196269
13.971801
4.231798
-6.847996
-8.820818
-9.373904
-5.863132
-2.225132
-3.986424
-7.116438
-8.245009
-10.845265
-14.351988
-11.386839
-4.846216
-1.159689
-3.218989
-9.291442
-16.149976
-21.359513
-23.283497
-26.236821
-30.17718
-34.269031
-35.657037
-30.146688
-27.02538
-21.29728
-14.113359
-13.335674
-13.004379
-7.150917
0.13628
0.615646
3.833075
14.301305
23.252742
27.834227
33.199304
37.442653
41.570593
47.109249
41.451146
34.918305
36.53122
31.605071
25.739171
25.470406
21.902091
17.095394
14.126516
6.811015
-1.663232
-8.655527
-12.511585
-15.9956
-24.181794
-24.647157
-20.141885
-22.230737
-22.076443
-21.106204
-21.845
-19.338061
-19.696415
-21.03527
-18.93677
-15.58309
-7.572026
5.984535
8.399397
5.737859
7.733705
7.349844
6.747298
3.293768
1.657837
7.356696
13.896385
17.188784
19.529921
15.811046
14.269682
14.406245
5.000335
-3.110268
-3.515283
-2.012176
0.178091
4.021088
2.277838
0.537387
0.359766
5.060392
12.234359
10.343971
7.165429
5.534787
3.927476
6.980037
13.920388
17.020543
20.689962
24.688807
24.31801
18.146325
9.002649
2.085633
-0.370597
0.059308
-1.403976
1.179798
3.932796
1.095813
-4.140165
-9.063826
-12.120426
-8.151133
-0.797677
0.590955
1.375794
1.862626
3.397773
9.664651
9.137073
6.015147
5.532987
-0.951016
-5.468726
-3.132255
-2.858819
-2.322838
-0.874791
-6.370826
-10.13294
-11.612712
-17.627616
-22.166479
-23.987809
-23.409833
-21.143043
-18.819948
-12.11819
-6.062219
-1.984361
0.058457
-0.440502
2.006089
4.180802
5.579389
6.224556
7.49187
13.988631
24.212979
27.752058
26.526433
24.1881
15.602177
7.266669
3.872865
-1.143806
-1.176466
4.571231
1.323943
-1.636537
0.546576
-0.138094
0.799483
8.130541
13.104289
7.083785
-1.792368
-4.411289
-5.170616
-5.861818
-6.489872
-7.207515
-3.284883
5.113778
11.808382
13.573101
18.579511
22.310522
20.503813
16.84933
10.221612
2.780438
-3.253753
-12.171901
-17.671979
-14.282837
-15.931522
-15.917832
-8.681962
-2.563777
0.34258
0.428127
-4.267517
-11.897201
-16.491435
-19.927544
-18.244326
-15.672995
-16.558307
-8.709623
0.467343
1.600895
5.299866
8.328785
5.405013
9.621298
16.824194
13.767905
12.657066
17.516339
17.675299
9.998643
0.393957
-7.901112
-11.297404
-10.219845
-9.713416
-5.046387
-2.693429
-2.466343
-0.273276
-0.960745
-4.49111
-6.093134
-7.334001
-12.218155
-14.389442
-12.554421
-8.144959
-4.441634
-5.595401
-10.347349
-11.166402
-8.874103
-9.415368
-11.044454
-15.302419
-16.912841
-11.261266
-4.145781
1.475621
1.952809
-0.248341
1.833051
3.236614
1.676897
3.591242
4.21339
-1.357924
-4.497581
-8.240409
-11.470588
-7.759797
-4.9984
-4.783446
-8.693631
-9.541924
-1.271426
5.150678
6.728442
8.282565
10.551222
9.020434
6.376939
2.88297
-2.441353
-3.648625
-1.052408
-1.302819
-3.282796
2.369713
7.747855
8.720272
10.690921
6.830197
4.42996
8.594918
10.550014
11.489457
11.567227
9.000567
8.048063
12.124055
12.613686
8.561963
5.18869
1.446485
1.007563
1.988067
0.527582
-3.121302
-5.350448
-9.344311
-12.866899
-10.483456
-11.968516
-13.588271
-12.324068
-13.115435
-7.261351
3.28558
5.475535
5.950857
8.330568
4.959161
1.873631
3.384203
1.057069
-2.302828
2.037886
5.437605
9.18697
13.074762
9.816897
6.509571
7.288189
3.4144
-1.000034
0.926754
-1.068154
-3.020446
-0.540259
0.296841
4.628223
11.88058
9.544424
3.850236
1.733387
2.488985
7.253381
11.748076
14.514761
18.619993
22.892894
18.786422
8.785429
0.388328
-5.596714
-8.094938
-7.644502
-6.579697
-4.53999
-0.679883
0.41914
0.895706
1.959578
-3.23005
-5.705566
-5.25793
-9.408885
-11.400683
-10.671215
-10.268995
-9.147264
-7.25936
-5.838065
-4.153292
-5.929205
-11.189135
-14.367054
-17.249765
-21.949453
-24.514247
-20.525668
-13.998111
-8.809411
-4.567929
-1.353921
3.146684
6.631637
7.323154
8.36774
8.257622
5.701849
4.466269
5.915249
6.293827
8.02184
12.333624
11.781161
5.345375
-0.730811
-4.757648
-10.32834
-14.894577
-17.376937
-16.640003
-8.576368
-1.645971
3.24192
6.545206
2.84033
-2.008051
-2.804396
-3.270381
-2.491141
4.526045
8.229682
5.122066
6.82737
10.633039
10.573937
14.393293
11.577774
4.5018
3.711366
1.198521
1.987093
3.815271
3.675601
7.031148
6.848861
3.328762
3.644814
-1.127976
-12.283361
-19.757819
-23.581837
-27.81056
-29.05765
-30.471474
-33.071419
-33.700407
-30.166616
-23.858365
-20.500019
-15.025444
-7.810416
0.002495
6.893385
10.174274
12.096085
14.099086
15.39253
14.055851
14.354484
14.162865
11.715967
12.688695
12.534094
11.115603
11.11405
8.523437
2.607454
0.405682
3.277821
3.702749
0.193537
-3.67963
-4.774294
-4.594491
-6.85039
-8.992747
-8.383664
-10.03577
-11.20198
-10.339995
-9.886759
-8.355967
-6.045004
-2.246801
5.500473
14.256246
18.41716
20.036297
19.312432
16.212282
10.891381
1.404592
-1.829632
0.569365
2.217743
8.017078
15.242372
17.724737
13.438154
9.188899
4.836369
-0.89266
-4.611223
-4.007428
-2.960044
-4.876562
-3.243115
-2.528267
-6.056455
-8.875395
-12.639687
-16.011716
-12.504366
-6.171229
-1.763323
2.117625
3.844705
1.776383
0.771308
1.576678
1.014261
1.061546
-0.278554
-1.915106
-1.426409
0.247788
3.605512
8.484071
10.451921
4.752756
-1.017334
-0.368745
5.926752
12.328014
15.317738
12.206078
9.435664
13.57107
14.194152
9.706926
7.769877
6.502569
1.13594
1.806927
3.43944
1.246067
5.349432
10.762104
8.410706
1.130357
-4.573786
-8.471839
-12.822192
-19.7081
-22.256096
-18.985162
-16.502176
-16.336682
-15.32196
-10.556631
-2.423627
3.279276
3.568265
1.609441
-5.846664
-12.656982
-14.100981
-13.372135
-10.218786
-5.92691
-4.528324
-7.490047
-5.663424
0.237943
5.235954
5.142946
0.364556
-1.730207
-3.977395
-4.937675
-2.229161
-3.621521
-7.049543
-7.313641
-8.640987
-9.838927
-8.737415
-6.365482
0.365206
8.620773
12.880608
17.219767
21.248164
20.845016
15.991969
8.734328
4.825077
1.954498
-1.877919
-1.62688
-0.751208
0.23334
3.546581
2.453161
-4.217485
-5.612022
-5.066398
-2.902884
1.797431
4.083197
7.31027
5.705758
5.176626
7.958242
6.203171
1.739898
4.999323
11.875282
11.574788
7.165953
3.301185
2.580431
-1.089294
-4.917667
-2.635633
2.732555
8.250991
15.455443
20.242547
20.315963
18.162096
12.746007
6.76812
1.373806
-0.198976
1.883971
5.720747
11.42956
15.960029
18.578332
19.102181
19.314335
19.900399
17.091412
10.083874
1.569499
-5.517052
-11.88658
-17.523841
-20.168581
-23.543721
-27.246731
-28.622604
-29.718201
-30.253244
-29.67278
-31.536416
-32.207398
-27.461666
-20.637346
-12.549136
-7.306621
-3.572188
4.409946
13.231667
19.510365
22.559194
21.248334
20.268768
20.431461
17.919239
15.604858
14.208143
14.129444
18.362216
21.545738
21.524899
19.539945
16.245995
12.696344
5.676363
-2.345273
-7.964181
-10.510933
-15.508629
-16.267334
-8.576053
-3.929554
0.877148
2.239649
-3.80854
-9.57863
-13.307148
-15.005604
-16.698461
-18.545609
-16.880434
-11.706666
-8.071154
-8.16043
-8.192779
-9.560254
-12.311381
-14.380324
-19.527957
-24.864101
-28.440504
-29.700658
-21.319106
-10.941399
-5.92659
-3.321663
-2.772617
2.039995
10.85145
17.056424
18.678983
19.818446
21.2021
21.830159
21.339288
16.655154
13.560913
14.978786
16.140024
13.715212
12.150207
11.673645
9.357709
6.488997
1.286304
-1.86984
-0.542801
2.87185
4.557867
5.969207
8.902939
9.016794
10.197318
12.624
12.48402
9.978018
5.038804
0.384222
-2.869599
-5.247749
-7.343135
-10.295837
-11.443072
-8.50934
-2.022534
2.777324
4.946749
5.35208
-0.00335
-5.765352
-8.639042
-10.246042
-11.787407
-12.082302
-12.845983
-19.796284
-26.217761
-29.593211
-31.012635
-27.06885
-18.961042
-8.917738
0.982472
6.983694
8.960253
7.997485
5.876592
6.33356
9.394209
12.956619
13.963253
14.425199
18.645217
22.661793
23.17351
26.57354
27.027087
19.314657
12.220641
8.226777
4.065246
2.783316
3.309654
1.751181
0.38775
-5.275331
-11.061285
-7.937799
-2.564945
-3.170913
-3.498471
-3.115226
-6.559735
-6.834721
-2.800103
-0.580595
0.476433
1.53595
1.971454
0.048715
-4.780379
-9.33884
-10.81519
-11.773915
-14.489268
-13.449349
-9.725493
-7.725913
-2.998847
4.843305
7.477473
8.154059
8.550368
1.419645
-7.706611
-10.75699
-11.704827
-12.41967
-13.580592
-15.768366
-15.119466
-11.627981
-6.860163
-1.282001
2.827275
2.895402
2.152562
2.822927
2.999308
1.786436
-0.363075
-3.973386
-9.44329
-12.780168
-9.817818
-1.441243
7.4654
12.098212
13.044809
10.070332
6.778871
5.156939
4.24612
5.194583
6.518512
6.814034
5.862153
7.628116
6.938159
3.046016
-0.871323
-5.243451
-7.050161
-6.652296
-5.083242
-1.167453
2.826414
3.290227
5.718775
7.778392
8.001744
7.233085
3.859501
0.84894
-0.34309
-0.747482
-0.678733
0.987998
1.774393
3.098322
4.35257
6.081205
6.556838
4.015996
2.430771
-0.315379
-2.63287
-1.695916
-1.200064
-1.825629
-1.099894
0.964388
0.620033
2.399373
8.917286
12.538489
13.079758
12.108591
9.470383
6.386097
4.021012
1.20767
-1.684995
-6.153245
-12.79465
-16.754295
-16.107883
-14.729206
-12.071085
-7.971141
-8.472277
-11.754406
-13.465616
-11.724538
-7.908293
-5.593597
-3.961084
-4.154569
-9.112447
-12.135763
-8.876027
-4.655387
-1.969581
2.290565
7.246893
10.803392
11.30671
10.553916
12.843415
15.403859
16.106575
15.103678
12.896307
9.77407
9.942674
12.928665
12.503742
10.382227
8.484062
4.27338
0.491047
-4.119674
-10.204881
-12.558146
-14.33437
-13.844739
-11.102629
-9.019682
-6.306501
-1.377237
4.030457
3.743339
0.292298
-0.136047
1.406877
-0.467335
-1.015132
-0.010364
-2.146189
-1.053699
1.054445
-1.689216
-4.83074
-8.068073
-12.632445
-15.155866
-15.6766
-16.120499
-14.879627
-10.620102
-8.25719
-8.141157
-9.478769
-10.93801
-8.599983
-5.719445
-3.174866
3.733444
8.12393
9.837322
16.577342
22.428626
23.997992
24.502243
23.383005
18.112809
14.015048
9.964569
6.104156
7.636504
9.069619
10.546596
12.682736
10.373332
8.107168
7.832182
5.844428
1.846832
-1.803296
-4.356891
-5.067069
-2.296962
-1.700322
0.320411
5.961721
9.684022
13.717707
17.279184
15.206507
11.080438
10.687244
11.375961
10.063236
7.606384
5.763901
3.45512
-0.133104
-4.75689
-7.784561
-9.030095
-9.894876
-9.808084
-10.09458
-8.355058
-5.470476
-5.925262
-5.5106
-3.72535
-5.677953
-6.759862
-9.205515
-13.824946
-14.944185
-16.024228
-16.1387
-12.466793
-10.05162
-9.915368
-7.702704
-7.558986
-7.681857
-6.473648
-6.755789
-6.082624
-4.971158
-3.769792
-2.152211
0.1292
0.871112
1.961114
3.810134
3.60265
4.050909
3.690999
0.578717
-1.394728
-2.312702
-3.49571
-4.300453
-5.295262
-4.130914
-1.571404
-0.431941
0.570027
3.126738
5.615635
7.716002
8.632114
6.858067
6.922462
11.088975
14.17171
13.951784
14.383866
13.409588
10.830485
9.378087
7.42424
4.10976
0.752663
-2.100807
-5.386979
-6.861152
-7.131161
-7.588747
-6.99615
-5.456026
-3.636247
-1.403674
1.631778
4.723223
5.465135
4.638927
2.220648
-1.233192
-2.789488
-4.411109
-5.298287
-6.548176
-8.036969
-9.346273
-10.764141
-9.642409
-7.621988
-6.259175
-6.129456
-5.775452
-4.386821
-3.215629
-1.720299
-0.266341
-0.050143
1.959701
5.091586
6.446933
6.6482
8.038698
10.026767
10.213102
10.085254
8.950773
6.457214
3.203705
0.23296
-2.177853
-3.236743
-1.603608
0.185686
-0.776771
-4.11116
-6.67751
-8.225717
-8.982867
-8.003918
-7.674178
-7.83469
-8.521225
-10.159333
-11.52463
-10.231809
-4.912148
-0.610318
0.335035
0.121953
-0.690568
-2.998727
-2.682674
-0.50765
0.658565
1.900992
1.610764
-0.778274
-4.041116
-5.871156
-7.579878
-9.953984
-11.160012
-10.830894
-8.462383
-5.460526
-4.331951
-4.892503
-4.990799
-4.645195
-5.17495
-4.538493
-5.530502
-8.706243
-8.212879
-5.81326
-3.136164
1.190552
3.247368
1.885182
1.025379
0.849003
0.602013
2.060014
3.291865
5.101379
7.351372
7.098472
6.67977
5.138406
4.291978
5.684343
6.627208
6.53731
8.335625
10.686094
8.734425
5.63894
2.366144
-1.895864
-4.816526
-7.472776
-8.711777
-7.761758
-7.65008
-8.525437
-8.625601
-6.363476
-4.949647
-5.321066
-6.234063
-8.000333
-8.042947
-7.575403
-6.628805
-3.098125
0.728697
4.641375
9.557263
13.072078
13.214863
11.41282
9.355074
9.374674
10.336203
9.188346
8.653614
8.485326
8.221849
8.396363
7.121278
4.008062
1.825265
1.486198
-0.034013
-0.940789
-1.995324
-4.252467
-5.131557
-3.886018
-2.020823
-2.966171
-4.05959
-4.285427
-3.292169
-0.961919
0.63451
1.688116
2.000747
2.461448
2.246499
2.755105
4.074679
4.124453
3.955232
4.438019
6.103506
8.549786
9.767639
10.906168
10.350283
9.42111
10.565861
9.751785
8.884516
8.132655
6.680258
6.474952
5.515916
1.775889
-1.830378
-5.124327
-6.915483
-5.650347
-4.318952
-2.297598
0.712657
2.371922
0.821848
-3.186636
-7.347545
-8.832294
-9.789463
-11.016644
-10.483151
-10.689079
-11.169374
-8.245908
-4.368692
-4.341005
-5.380919
-6.116916
-6.60872
-7.410352
-9.247547
-10.124148
-9.689888
-8.118656
-6.754288
-4.76964
-2.906
-2.245901
-3.369183
-4.856732
-3.481476
-1.596061
-2.016629
-4.195071
-5.836289
-5.663641
-5.510902
-5.722741
-5.438729
-4.357437
-1.64519
-0.702325
-1.421213
-3.38688
-5.907502
-5.372766
-3.923785
-3.912585
-2.956344
-0.527484
1.264609
2.781092
3.936108
5.338428
7.903849
10.302845
10.429143
9.736386
9.648666
8.381046
5.650761
3.983412
4.796248
6.079426
7.047176
5.709254
3.65182
2.603817
1.097915
0.945492
1.101341
1.50325
3.045863
5.828413
8.184171
11.713918
13.725007
11.170789
11.17639
12.218487
12.071352
12.471083
12.208228
10.367612
8.750035
7.592224
5.803868
4.423639
3.059587
1.782634
0.155414
-3.300293
-4.912893
-3.845288
-3.064493
-2.209662
-0.825696
0.752379
1.589478
2.816041
3.668072
3.66372
4.167349
4.070297
3.0646
2.437479
1.992958
2.281014
3.926903
5.98092
7.959969
9.013264
8.787116
7.390712
5.523965
3.370099
2.008846
1.71675
0.791311
1.14998
1.896557
0.749323
0.666891
1.54163
0.56393
-1.41107
-2.435431
-4.211344
-6.087112
-6.846439
-8.504144
-8.776953
-7.222208
-6.346224
-4.859915
-2.674315
-2.008305
-1.89725
-1.383044
-2.92192
-4.958823
-6.325675
-8.920021
-9.96678
-9.646683
-9.438262
-8.929345
-8.572231
-8.486994
-8.777223
-8.054598
-5.866509
-2.985349
-1.527348
0.153382
2.485498
1.819493
0.404424
1.08972
1.708758
2.40152
3.827169
4.576235
5.5135
6.003753
6.124763
7.302176
8.640726
6.860457
4.695703
3.109855
0.383303
-0.618349
-2.016309
-3.047514
-2.093451
-1.522629
-2.440603
-3.436346
-4.09924
-4.80444
-6.180936
-8.23557
-8.026838
-6.076097
-4.592899
-2.395789
0.146302
0.436224
0.329839
0.553192
-0.978529
-4.643899
-7.566738
-8.640249
-7.911092
-3.999658
-1.016155
-0.120263
0.886061
0.944856
1.707298
2.064412
1.48924
3.689461
4.547403
3.654937
4.20305
3.314316
1.613372
1.494233
1.22018
-0.735533
-2.412836
-2.509889
-1.225777
0.016961
0.075756
0.218541
0.297245
0.458383
1.951846
2.588615
2.157781
1.849821
0.598688
-2.017433
-3.950438
-2.931672
-0.57187
2.57619
4.485558
4.185686
3.8236
4.209332
4.372337
4.602533
4.298306
1.805681
-0.085952
-1.587499
-2.784816
-3.063535
-2.525999
-1.475503
-0.14753
1.09863
1.61968
1.878183
2.013502
1.518588
0.83143
1.701503
2.99588
2.447461
0.998796
0.358921
-0.279398
-0.400714
-0.210647
-0.623127
-0.30863
0.295787
-0.157133
0.198426
0.445731
0.614957
2.081668
2.665554
3.81746
6.155175
5.938049
4.538845
4.923955
5.092248
3.75837
2.309394
0.388521
-2.489524
-4.816658
-6.309184
-6.738774
-5.958911
-3.563647
-1.293435
-0.364258
0.287443
1.301854
1.320831
0.580169
1.008519
1.780915
1.80207
2.201801
2.487369
1.358798
0.647066
0.475356
1.669878
4.112114
5.676813
5.748051
5.877771
5.280513
2.847614
0.334147
-1.272854
-2.117415
-2.838169
-2.99868
-3.069602
-2.20264
-0.990386
0.462949
2.2426
2.323481
2.903945
4.263025
4.674888
4.366617
4.767281
5.040406
4.063328
4.450305
4.501012
3.73733
5.378553
6.803892
6.555347
5.106371
2.429902
0.893826
0.992438
1.072697
0.791801
0.716523
-0.814887
-2.363405
-3.869618
-6.603636
-8.291205
-9.134832
-9.427861
-8.675062
-5.701513
-1.394395
1.213332
2.079672
1.90454
0.307494
-0.472986
-0.120849
-0.823871
-0.97785
-0.977537
-0.84875
1.317253
1.607486
0.143579
1.34339
2.319228
2.029932
2.040822
0.501013
-1.068348
-2.074977
-3.27665
-3.11209
-3.082847
-3.459554
-2.167355
-0.898175
-0.519597
0.222626
0.902011
2.143506
1.768354
-0.444306
-0.384888
-0.288454
-1.059912
-1.357607
-2.223943
-2.227362
-1.926863
-2.321924
-3.432452
-4.311853
-2.991035
-1.573784
-0.518623
0.268705
-0.491244
-0.619092
0.894902
1.585175
2.064852
4.002839
4.587347
5.357566
6.261546
5.111201
4.629351
4.529188
3.913577
3.291433
2.864021
2.253076
0.756817
-0.947238
-1.088152
-1.609819
-2.019811
-2.978846
-5.428544
-6.233909
-6.816858
-6.106676
-3.894012
-2.65625
-1.909984
-1.481012
-2.867773
-3.463164
-1.952592
-1.510866
-1.536994
-1.105844
-0.122229
1.744833
2.765154
2.799997
2.368541
1.583084
1.70876
1.434084
0.160554
-1.252026
-1.136927
0.443326
0.002538
-1.76311
-3.728466
-5.700045
-7.460404
-8.626925
-8.20262
-7.291485
-5.910941
-5.662702
-6.352349
-5.490052
-4.006543
-3.093231
-2.777178
-2.853078
-3.255293
-2.675762
-1.966513
-2.653049
-2.322687
-0.485799
1.358866
2.705814
3.155006
2.675334
2.251654
1.363543
-0.121828
-2.264496
-3.901982
-3.430704
-3.161935
-3.217303
-2.490323
-1.887462
-2.255148
-2.257634
-3.808331
-6.043387
-6.24185
-7.355178
-7.765169
-6.621352
-7.043787
-5.863885
-3.176212
-2.195708
-1.017983
-1.226711
-3.161894
-3.191132
-2.84895
-4.042534
-3.298757
-2.403487
-2.473787
-1.37072
-1.239756
-2.515464
-2.581098
-2.107643
-1.671827
-0.498147
-0.959777
-0.684475
0.446278
1.034208
2.932377
4.842056
5.648671
6.058667
6.375342
6.545812
6.640069
6.370372
5.22687
3.239116
0.990994
-1.855944
-2.753698
-2.221139
-2.403736
-2.059687
-1.583432
-0.521738
0.757707
1.68564
1.627472
1.741638
2.349165
1.842741
0.741545
0.266228
0.575437
1.247045
3.312572
3.919167
4.063507
6.862543
7.856735
7.090875
7.716445
7.701827
7.580822
7.82595
6.144292
4.286566
3.215233
0.393182
-2.137083
-2.78318
-2.971999
-1.61323
0.250411
1.257045
2.285143
3.77363
3.769899
2.706343
1.126717
-0.850772
-1.8714
-2.458081
-3.346192
-3.89119
-3.742183
-5.264883
-6.849487
-7.511759
-8.834128
-9.444139
-7.298667
-4.923
-3.969249
-3.082377
-2.696333
-1.135056
0.814751
1.578127
3.050437
5.441346
6.325729
6.331953
6.808208
6.779591
6.559665
6.652989
6.945089
8.001184
8.876856
8.087044
6.986782
6.795163
6.252343
4.986901
4.428216
3.890373
3.234011
2.583871
1.435081
0.258294
-1.171706
-2.256415
-2.379909
-2.457986
-3.099727
-2.601386
-1.438593
-1.86445
-1.093608
0.690708
2.478136
4.818962
4.795945
3.421627
2.930756
3.46176
4.129013
5.06379
5.750641
5.992347
5.843968
3.833817
2.279387
1.767364
1.617118
0.863701
-0.784983
-1.163246
-2.183563
-2.539428
-1.67682
-3.023453
-4.196196
-5.503011
-7.486721
-7.345491
-6.695036
-6.666726
-5.47998
-4.368825
-4.020421
-2.047283
0.11592
1.549036
2.942023
2.848703
2.496882
3.638522
4.310131
4.878152
5.295925
4.909264
4.153359
1.917369
0.860034
0.882122
0.711968
1.012778
0.669044
-0.446772
-0.830323
-1.148548
-1.834151
-1.545162
-1.821703
-2.261247
-1.738642
-1.288206
-0.036135
0.740305
0.78759
2.496627
3.073048
3.147397
3.913883
3.219881
2.041228
1.270391
-0.091795
-1.433761
-1.679818
-1.665195
-1.845615
-1.808906
-2.152017
-2.901079
-2.77758
-2.382516
-1.414454
-0.695873
-0.553089
-0.113851
0.09457
-0.316666
-0.300799
0.048227
0.031431
1.287546
2.321244
1.752293
1.123306
1.262358
1.643114
1.933347
1.988409
0.752518
0.088069
0.558414
0.152155
0.013418
0.20473
0.103634
-0.585701
-2.165328
-3.64541
-4.614089
-4.712697
-3.656291
-2.777197
-1.758742
-0.210529
0.674787
0.753801
0.563116
-0.025743
-1.10983
-2.124237
-3.243786
-2.939243
-2.369044
-2.822586
-3.527786
-4.77332
-5.778706
-6.609579
-6.510345
-5.63405
-5.519573
-5.577119
-4.94595
-4.152711
-4.190038
-5.03211
-5.991768
-5.839029
-5.103961
-4.588511
-4.129987
-4.114431
-3.838818
-2.891599
-2.494046
-2.450804
-1.822435
-1.306051
-1.853537
-2.485324
-2.050442
-2.25917
-2.495894
-2.078121
-1.422999
-0.445294
1.257521
2.076579
1.985126
2.687531
3.206403
3.775668
4.567973
4.715113
3.660267
3.421054
3.454341
2.915565
2.284401
1.865388
1.627108
1.51699
1.541567
1.095491
0.399623
0.004874
0.040649
0.501351
0.832646
-0.454883
-1.082004
-1.429159
-2.294873
-3.011582
-4.004836
-3.395442
-1.491362
0.202121
1.434595
2.258629
3.236334
3.581627
3.844175
4.44797
4.337541
4.582669
4.857971
4.87446
4.225253
4.210324
4.673202
3.934095
3.985425
3.842955
3.280849
2.816419
0.521636
-3.137201
-5.621117
-7.390809
-9.242935
-9.828994
-10.062607
-10.367457
-10.362166
-11.401147
-12.16794
-10.088415
-7.928944
-6.050684
-3.326927
-0.634899
1.299977
2.528095
2.429488
1.181776
1.575597
2.339283
3.851411
4.690066
4.059523
3.255402
1.526772
0.082151
-1.76282
-3.863182
-3.896465
-3.501711
-3.925701
-3.371989
-2.356956
-1.264154
-0.547129
-0.480557
-0.509173
-1.127895
-1.81723
-1.972765
-2.337029
-2.038397
-1.292752
-0.556752
-0.677134
-1.477212
-0.698283
-0.059648
-0.508835
-1.551549
-2.744823
-3.403673
-3.272398
-2.81263
-2.734237
-2.355659
-1.107632
1.04935
2.91299
3.83128
3.98153
3.263265
2.114786
1.081404
0.397668
0.445575
1.132427
1.681784
1.948687
2.239231
2.547818
2.290563
1.517238
0.86212
1.17444
1.843871
2.202229
2.763718
2.961252
2.448295
1.962401
1.437934
0.742689
0.651547
1.125935
1.426434
1.567041
1.800037
1.656324
1.414
1.504524
1.487107
1.133108
1.198436
1.66598
2.481927
2.830642
2.502773
2.219388
1.810952
1.811576
2.014709
1.813758
1.122867
1.002173
0.550498
0.837931
1.683741
1.103592
1.122881
1.654818
2.377443
3.738389
5.296867
5.878265
6.724385
7.941305
7.490874
5.972218
5.003228
4.777391
3.878393
3.410541
3.24443
3.089829
3.730331
3.53218
2.849999
2.227544
0.588192
-0.983035
-2.047525
-3.349985
-3.642391
-2.74121
-2.875903
-3.22959
-2.574157
-2.379735
-1.699727
-1.534545
-1.97751
-1.599243
-1.818237
-1.992746
-1.253946
-0.813153
-0.210291
1.150033
1.944204
2.268034
2.424817
2.678032
2.649105
1.868003
0.929809
0.417785
-0.053177
-0.043842
0.33318
0.366156
0.689363
1.047411
0.560273
-0.345881
0.014655
0.256361
0.056655
0.531976
0.462298
0.289655
1.010102
0.961266
0.258243
0.29433
-0.27182
-0.860368
-0.416154
-0.664699
-0.900179
-0.372908
-0.42641
-0.610874
-1.00469
-1.653897
-1.987987
-2.173695
-2.093125
-2.074148
-1.970869
-1.275619
-0.362306
0.539185
1.214216
1.003311
0.294689
-0.384692
-0.362293
0.907509
1.944318
2.565222
3.944833
5.105137
5.018661
4.570718
4.075181
3.544493
3.294704
3.538898
3.870815
4.429816
5.311399
5.728861
5.792322
5.038595
3.231885
1.069619
-1.045986
-2.365555
-2.690313
-2.769323
-2.950054
-2.984581
-2.876325
-3.019417
-3.188638
-3.330174
-3.112421
-2.738509
-2.3338
-1.649749
-0.867398
-0.22783
0.234738
0.806181
1.416198
2.126068
3.144524
3.88799
3.83231
3.699796
3.4133
2.853682
2.533279
2.638735
2.688509
2.904707
2.888533
2.442146
1.847377
0.946823
0.690812
1.17391
1.517026
1.489965
1.579867
1.438954
1.33008
1.754697
2.003247
1.881308
2.053956
1.916153
1.428704
0.859443
0.500778
0.457852
-0.100521
-0.609746
-1.189583
-1.926824
-2.839199
-3.460409
-3.68158
-3.964032
-4.127343
-4.04895
-3.650152
-2.978543
-1.994617
-1.611062
-1.569065
-1.072901
-0.822485
-0.500834
0.498646
1.370586
2.22355
2.574131
2.426063
2.860012
3.169532
3.316049
4.036497
4.929278
5.054643
4.814497
4.541999
4.218175
4.139164
3.635851
2.957714
2.556121
2.027921
1.510609
1.087552
0.438034
-0.436701
-1.284994
-1.801995
-2.293177
-3.030107
-3.446942
-3.901729
-4.146852
-3.694238
-3.472752
-3.492348
-3.81275
-4.76432
-5.444323
-5.915597
-6.83046
-7.597875
-7.892147
-7.95156
-7.593513
-7.140588
-6.698551
-6.20021
-5.706846
-5.024972
-4.452285
-3.965453
-3.093824
-1.977692
-1.542188
-1.696167
-1.779843
-1.838945
-1.609682
-1.240747
-1.246966
-0.882386
-0.333963
-0.546734
-0.731198
-0.449053
-0.110603
0.542963
0.82262
0.556033
0.124888
0.137333
0.575326
0.458365
0.916889
1.800027
2.207846
2.71863
3.122405
2.798892
2.37148
1.708897
0.775991
0.378442
0.671475
1.706728
2.398246
1.8856
1.577018
1.158938
0.135199
-0.380247
-0.906269
-1.157302
-1.157922
-1.289815
-1.174093
-0.852442
-0.627534
-0.633131
-0.54665
0.015461
0.587837
0.852874
1.274069
1.510175
1.247632
1.224926
1.106721
0.950564
1.153386
0.839827
0.282075
-0.338513
-0.90373
-1.061753
-1.05584
-1.062682
-0.200074
0.536549
0.117847
0.307915
0.758351
0.363601
-0.068788
-0.443628
-1.01009
-1.416349
-1.927128
-2.771378
-3.068762
-2.633257
-2.129317
-1.391138
-1.187072
-1.241819
-1.262347
-1.650564
-2.007985
-2.466815
-2.997814
-3.250403
-3.166722
-2.574126
-1.499367
-0.609696
0.033605
0.166436
0.495242
0.725127
0.282473
0.269721
0.544712
0.096458
-0.662869
-1.18858
-1.851163
-2.598047
-3.114115
-2.93929
-3.109133
-3.24227
-2.769748
-2.461472
-2.460537
-2.717792
-3.099787
-3.807165
-4.546583
-4.717982
-4.446724
-4.062236
-3.624865
-3.564826
-3.457503
-3.148294
-2.735809
-2.132948
-1.24421
0.000706
1.272997
2.250702
2.734733
3.052341
2.871299
2.587914
2.525701
2.334083
2.746879
3.597354
3.899097
3.646509
2.947841
1.961742
1.067409
-0.175325
-1.281498
-2.029937
-2.331987
-2.090281
-1.849508
-1.796312
-1.643262
-1.283348
-1.595041
-1.574819
-1.574506
-1.811541
-1.437318
-1.259693
-1.038518
-0.445611
0.195824
0.641905
1.106961
1.492694
1.511983
1.503275
1.713251
1.843282
1.990422
2.075658
1.724459
1.285226
1.074943
0.933096
0.859685
1.306077
2.158108
3.054001
3.703834
4.070592
4.148051
3.428231
2.810131
2.656152
2.928032
3.475834
3.428864
3.272708
3.100376
2.865518
2.612929
1.604433
0.647574
0.313173
-0.228402
-0.517076
-0.652079
-0.782417
-0.154669
0.837656
0.639505
0.068377
0.098553
-0.06538
-0.064133
-0.278771
-0.331029
0.408082
0.998501
0.653523
-0.054476
-0.011235
0.371076
0.498307
0.477156
0.371705
0.556485
1.111441
1.554411
1.703106
1.68911
1.529221
0.836153
-0.015874
-0.723874
-1.584921
-2.084813
-2.443478
-3.230801
-3.527563
-2.873685
-2.08729
-1.237437
-0.637064
-0.611865
-0.34434
-0.254126
-0.804723
-0.991054
-1.091217
-0.61434
0.852061
2.03414
3.396953
4.301244
4.466115
4.619787
4.277298
4.067949
4.04151
3.692177
3.491848
3.527313
3.138785
2.730971
2.754614
2.562996
2.464699
2.503896
2.326276
2.287083
2.614023
2.857595
2.707972
2.305757
1.911318
1.511903
1.070493
1.09227
1.196482
1.372862
1.899511
2.253826
2.303288
2.019592
1.808376
1.940273
1.626092
1.473979
1.642272
1.274586
1.11563
0.790872
0.178994
0.171219
0.217883
0.2745
0.483855
0.410132
0.021605
-0.060516
-0.006076
-0.08602
-0.082907
-0.173738
-0.007623
-0.046504
0.018512
0.282304
0.646884
1.022662
0.858418
0.775364
0.859356
1.17292
2.016241
2.718024
2.761265
2.662968
2.315502
1.967414
2.011588
1.753711
1.335009
1.470017
1.278709
0.909468
0.960486
0.929692
0.808998
0.506016
-0.086576
-0.610421
-0.645881
-0.564377
-0.349735
-0.293739
-0.491891
-0.676977
-1.274857
-2.176966
-2.720719
-2.913893
-3.174881
-3.746631
-4.452764
-4.404546
-3.808528
-3.587975
-3.091189
-2.462508
-2.566715
-2.427352
-2.349582
-2.702959
-2.516001
-2.361085
-2.56919
-2.292644
-2.12404
-2.120927
-1.826339
-1.77501
-1.715282
-1.451489
-1.525211
-1.573737
-1.124545
-1.26577
-1.412905
-1.398904
-1.768457
-1.910926
-1.899103
-2.258701
-2.496047
-2.784721
-3.937555
-4.298708
-4.243335
-4.465439
-4.345363
-3.893682
-3.440758
-2.87958
-2.495714
-2.480158
-2.571611
-3.266546
-3.501715
-3.603433
-4.163984
-4.364313
-3.789137
-2.747662
-1.70961
-1.052932
-0.867531
-0.303242
0.428404
0.44116
0.220612
0.040192
-0.126541
-0.447566
-1.013095
-1.596976
-1.906492
-1.981147
-2.343233
-2.803308
-3.570101
-3.793138
-3.657197
-3.835128
-4.058476
-4.093003
-3.948352
-3.794368
-3.953013
-4.494278
-4.244484
-3.8236
-3.393384
-2.690357
-1.870988
-0.777876
0.06669
0.594583
1.116565
1.339607
1.711963
3.006962
3.7131
3.670797
3.71746
3.723684
4.166032
4.096976
3.834432
4.227942
4.193415
3.740184
3.352589
2.998902
3.041832
3.281672
2.80791
2.118263
1.596907
1.452883
1.662859
1.573584
1.930387
2.781796
2.712117
2.123881
1.740019
1.288965
1.055352
0.958299
0.699178
0.148892
-0.383351
-0.886043
-1.522185
-2.266891
-2.870059
-2.897121
-2.335009
-1.781608
-1.628247
-1.406761
-1.464618
-1.72685
-1.752978
-2.153638
-2.637354
-2.484615
-2.42862
-2.941266
-3.074092
-2.791013
-2.713865
-2.11007
-1.466146
-1.183379
-0.557809
-0.306149
-0.03769
0.656005
0.939394
1.306152
1.672287
1.704018
2.21698
2.699145
2.849707
3.59784
4.485333
4.398235
4.400104
4.966259
5.338615
5.473934
5.119002
4.504324
4.019986
3.642035
3.102325
2.735573
2.463386
2.171291
2.008913
1.709663
1.356909
0.969314
0.983004
0.971185
1.211647
1.552274
1.362833
1.409807
1.007592
0.552183
0.193519
-0.379164
-0.313837
-0.1471
-0.195002
-0.205266
-0.327204
-0.326891
-0.11567
-0.007414
-0.241961
-0.376653
-0.430467
-0.712919
-0.203068
0.522979
0.840276
1.095669
0.764378
0.500591
0.532945
0.274445
-0.204605
-0.8563
-1.109823
-1.298331
-1.772404
-1.85608
-1.578289
-1.436438
-1.401907
-1.245435
-1.423677
-1.391323
-1.302354
-1.494906
-1.49677
-1.344653
-0.402722
0.670793
1.515047
2.605982
3.383978
3.696298
3.675458
3.600492
3.324883
2.922668
2.719851
2.587025
2.086822
1.688651
1.756778
1.014249
0.509069
0.835076
0.480455
-0.172796
-0.762899
-1.1001
-0.637532
-0.354765
-0.207314
0.195839
0.438789
0.719068
0.848166
0.850034
0.854392
0.865282
0.097867
-1.194328
-1.683332
-1.676175
-1.750831
-1.851927
-1.499168
-1.525607
-1.974172
-1.87867
-1.886445
-1.575058
-1.259006
-1.206432
-0.844341
-0.373686
0.55518
1.480003
2.009762
2.430646
2.685728
2.884195
2.91966
2.855892
2.726799
2.384621
2.126433
1.797009
1.720487
1.486873
1.208776
1.229621
0.975476
0.986055
0.883092
0.676853
0.590688
0.429244
0.596914
0.729433
1.229019
2.103136
2.468338
2.924684
3.126884
3.00899
2.92718
2.217936
1.698135
1.264813
0.777053
0.735371
0.491803
0.144026
-0.526956
-0.884377
-0.936324
-1.39702
-1.630634
-2.089775
-2.230067
-1.871709
-2.099101
-1.949472
-1.443354
-1.472904
-1.462636
-1.698738
-1.830942
-1.945415
-2.198937
-2.204223
-2.65061
-2.784681
-2.880489
-3.140543
-3.013312
-3.244748
-3.371975
-3.662204
-4.220888
-4.407841
-4.3618
-3.934695
-3.755203
-3.604331
-3.01049
-2.612937
-2.413848
-2.060155
-1.81565
-1.337217
-0.782883
-0.573218
-0.743994
-1.107947
-1.158961
-0.904501
-0.226671
0.262649
0.545106
0.833161
1.042516
1.580674
2.140608
2.341874
2.936026
2.847061
2.389786
2.843644
2.878487
3.137301
3.809532
3.974714
3.881084
3.315244
2.896853
2.696525
1.871873
1.296701
0.631007
0.339223
0.729
1.073049
1.642937
1.771101
1.525355
1.250058
0.617338
0.278271
0.533353
0.333646
0.258369
0.064884
-0.51371
-0.270137
0.06458
0.256825
0.840711
1.147742
1.135613
1.119439
1.274667
1.674087
1.952499
2.364051
2.743251
2.644955
2.482266
2.564702
2.640918
2.219105
1.499906
1.232386
0.827993
0.210516
-0.073803
-0.324214
-0.834371
-1.616095
-2.577931
-3.422803
-4.069832
-4.724949
-4.981582
-5.20493
-5.536221
-5.481159
-5.229187
-5.110977
-4.71809
-4.12736
-3.784555
-3.014337
-2.56359
-2.713836
-2.446311
-2.147056
-1.549483
-0.916136
-1.148816
-1.33328
-1.169654
-0.996073
-0.595719
-0.770851
-1.087521
-1.021883
-1.153153
-1.300599
-1.483197
-1.699079
-1.816352
-1.731737
-1.77653
-2.040006
-2.454664
-2.464927
-2.177494
-2.150428
-2.293519
-2.41048
-2.357907
-2.355105
-2.501618
-2.629156
-2.616399
-2.567248
-2.234708
-1.819735
-1.688149
-1.596691
-1.180162
-0.536861
0.311437
0.865461
1.322118
2.050342
2.520998
2.853226
3.322326
3.875105
4.584665
5.032612
5.21117
5.802833
6.191054
6.084359
5.581978
5.111327
4.507226
3.816646
3.341329
3.021237
3.045814
3.282232
3.587085
3.46608
3.282861
2.945971
2.340314
1.998447
1.739326
1.478649
1.451277
1.650055
2.012768
2.277493
2.702732
3.308705
3.732388
3.90037
3.769722
3.810474
4.0696
4.069292
3.744845
3.506254
2.988631
2.487495
1.505751
0.054909
-0.702552
-1.495474
-1.949016
-1.955236
-2.414999
-2.953153
-3.271378
-3.572495
-3.691322
-3.657413
-3.753843
-3.975947
-3.750417
-3.361885
-3.14942
-2.451992
-1.586585
-0.838141
-0.044902
0.644126
1.027371
1.286808
1.436125
1.478744
1.965887
2.096851
1.780181
1.967449
2.220976
2.457704
2.888543
2.932406
2.71528
2.913124
2.872998
2.42941
2.158157
1.694349
0.890539
0.525653
0.143969
-0.597316
-0.964691
-1.290071
-1.464892
-1.689795
-1.913454
-1.564117
-1.229711
-1.131721
-1.194556
-1.311828
-1.366885
-1.544817
-1.883573
-2.095723
-1.9884
-1.764425
-1.661769
-1.937999
-1.943597
-1.514625
-1.683224
-2.3091
-3.009946
-3.438291
-3.199384
-3.136545
-3.340607
-3.022688
-2.987224
-2.970112
-2.722496
-2.752046
-2.48732
-2.226017
-2.076077
-2.18184
-1.793619
-0.951231
-0.521015
-0.202474
-0.01645
0.109226
0.369285
0.617835
1.047118
1.631937
1.624785
1.452142
1.067347
0.649889
0.501198
0.039879
-0.27088
0.093389
0.398864
0.520185
1.132379
1.683603
1.797769
1.566022
0.958498
0.629074
0.576816
0.340092
0.332006
0.467948
0.579936
0.780892
0.810757
0.490976
0.28567
0.36313
0.454587
0.764418
0.954797
1.141443
1.311914
1.275209
1.412706
1.095102
0.585878
0.483227
0.334536
0.203888
0.417597
0.72525
0.763826
0.53239
0.583097
0.6646
0.569725
0.201417
-0.759174
-1.536854
-1.970176
-2.20099
-2.252937
-1.915421
-1.515379
-1.353618
-1.249407
-1.280823
-1.328415
-1.547719
-1.726895
-1.917891
-2.20532
-1.839496
-0.942982
0.241586
1.138412
1.016474
1.024564
1.3851
1.610319
2.154699
2.90812
4.026429
5.010666
5.60824
6.394012
6.748949
7.19503
7.102332
6.236307
5.284737
4.286818
3.993478
3.718803
3.487367
3.18034
2.740174
2.524914
2.404842
1.986451
0.92134
0.057492
-0.197585
-0.35032
-0.652369
-0.523583
-0.402573
-0.531355
-0.799809
-1.472035
-1.80177
-1.601437
-1.199217
-1.179617
-1.02439
-0.850498
-1.415093
-1.891032
-2.377859
-2.861264
-3.38262
-3.857004
-3.920461
-3.73537
-3.46349
-3.488996
-3.721987
-4.593611
-5.542071
-6.062182
-6.588515
-6.717608
-6.092661
-5.434117
-5.27609
-4.58986
-4.182353
-3.613087
-2.860599
-2.695106
-2.756074
-2.893877
-2.77349
-2.870231
-2.397398
-1.904656
-1.469774
-1.103327
-0.977341
-1.41564
-2.129239
-2.320858
-2.597088
-2.473901
-2.400486
-1.997022
-1.427445
-0.99474
-0.844179
-1.295232
-1.787658
-2.534542
-3.073941
-3.698884
-3.9129
-3.278931
-2.440898
-1.74907
-1.242952
-1.084924
-1.844873
-2.109594
-2.17865
-2.303077
-1.33346
-0.475208
-0.336467
-0.486713
-1.343717
-2.349102
-2.874502
-3.548906
-3.195836
-1.849199
-0.934331
0.165936
1.047208
1.008015
0.838483
0.663973
-0.244358
-1.041324
-0.98564
-0.469879
0.980968
2.660764
3.999002
5.139087
5.55095
4.92134
3.819211
2.783963
1.997884
1.92945
2.312383
2.825967
3.491354
4.189715
4.617754
4.622111
4.098266
3.555446
3.193671
2.707466
2.28472
1.675019
0.862188
0.541474
0.401182
-0.021252
-0.168699
0.031946
0.294182
0.637298
0.866872
1.178259
1.644559
1.651094
1.620922
1.628079
1.326341
1.040156
0.754904
-0.097745
-1.154146
-2.306669
-3.18887
-3.070349
-3.131006
-3.061323
-2.331544
-1.517774
-1.249316
-1.559143
-1.641264
-1.805508
-1.696319
-1.256149
-1.23997
-0.908364
-0.062555
0.569859
1.035848
1.342569
1.448336
1.449893
1.30618
1.187663
1.307118
1.419728
1.17305
0.969299
0.834918
0.61157
0.485588
0.428663
-0.032033
-0.489308
-0.57174
-0.772069
-0.643905
-0.387267
-0.213686
0.177024
0.566178
0.767445
1.114915
1.306227
1.478564
2.194034
2.636071
2.93937
3.346255
3.313906
2.951508
2.370426
1.668648
1.135471
0.895325
0.971229
0.997362
1.127392
1.131439
0.921155
1.104691
1.135178
0.846194
0.64431
0.427183
0.022168
0.076608
0.204773
0.004133
0.34196
0.383024
0.312724
0.645574
0.58274
0.517106
0.806406
1.032247
1.427934
2.240459
2.573931
2.992016
3.823516
4.162899
4.122462
4.278623
4.476778
4.45625
4.458741
4.498249
4.576953
4.560468
4.711341
4.851948
4.56203
4.126842
3.598642
2.683157
2.03395
1.552722
0.801794
0.318389
-0.074494
-0.473598
-0.691658
-0.975665
-1.49671
-1.660021
-1.878081
-2.099563
-1.922249
-2.032678
-2.005301
-1.838564
-1.46994
-0.758203
-0.005715
0.525911
0.919421
1.241383
0.834502
0.16632
-0.476044
-0.787736
-0.78369
-0.4132
0.222946
0.679915
1.340947
1.803826
1.791385
1.265985
0.762049
0.425782
-0.139747
-0.557826
-0.748512
-0.808858
-0.824098
-0.825962
-0.56808
-0.523284
-0.512705
-0.25109
-0.46915
-0.86981
-0.991748
-1.486041
-1.819509
-1.648416
-1.962598
-2.022944
-2.120618
-2.49577
-2.538385
-2.791907
-2.833899
-2.760173
-3.108883
-2.903262
-2.393411
-2.32124
-1.65523
-1.050813
-0.803508
-0.338141
-0.093635
-0.154603
-0.27623
-0.061277
-0.038877
0.005297
0.324461
0.540659
0.615318
0.806008
0.992343
0.972437
0.976483
1.036211
1.223168
1.216016
0.982403
0.646446
0.189482
-0.510119
-1.048273
-1.352811
-1.604155
-1.938868
-1.86763
-1.547533
-1.238325
-0.566716
-0.344607
-0.106012
0.236481
0.388598
0.598575
0.774333
0.715854
0.860816
1.130519
1.122122
1.351074
1.337389
1.063647
0.930821
0.469191
-0.246897
-0.885216
-1.456344
-1.694312
-1.731328
-1.948454
-2.085946
-2.051104
-1.972711
-1.940979
-2.184236
-2.164325
-1.833652
-1.723841
-1.587278
-1.445116
-1.223007
-0.989078
-0.899798
-0.740526
-0.494154
-0.183079
0.252737
0.803027
0.901639
0.607367
0.234703
-0.11494
-0.418856
-0.824493
-1.263415
-1.765795
-2.176098
-2.390114
-2.346873
-2.164582
-2.153381
-2.195374
-2.17484
-2.273759
-2.140618
-1.926597
-2.170165
-2.339698
-2.126922
-1.808381
-1.352034
-0.748239
0.182493
1.216191
1.704578
1.597882
1.398797
1.02209
0.47616
0.270543
0.036307
-0.171799
-0.141622
-0.079716
-0.070693
-0.237426
-0.869213
-1.35604
-1.717193
-1.697282
-1.075134
-1.049935
-1.312478
-1.384023
-1.387131
-1.443433
-1.139513
-0.859234
-0.732002
-0.486564
-0.001599
0.590687
0.751514
0.89492
1.099298
1.509916
1.873874
1.99395
2.146067
1.901877
1.44398
1.051097
0.593511
0.367674
0.426781
0.771763
0.940367
0.987652
0.62401
0.359911
0.204066
-0.287427
-0.467225
-0.470956
-0.196898
0.055073
0.322287
0.24981
-0.068416
-0.497072
-0.622432
-0.574214
-0.180082
0.692169
0.931386
1.146029
1.349784
1.696633
2.106318
2.25128
2.334028
1.980651
1.752326
1.794012
1.772239
1.989681
2.004926
1.798998
1.561341
0.943241
-0.023571
-0.989451
-1.302388
-1.318872
-1.501159
-1.281539
-1.082761
-0.685208
0.092477
0.344448
0.704051
1.12338
1.063967
1.365399
1.572265
1.285458
1.322789
1.438821
1.273644
1.493575
1.866553
1.723151
1.821763
1.972636
1.993169
1.948377
1.83857
1.682414
1.464354
1.324685
1.201813
0.959178
0.471107
0.262691
-0.078243
-0.17654
-0.131432
0.178399
0.505028
0.478278
0.533651
0.435976
0.371898
0.109354
0.095047
-0.019736
-0.016934
0.086344
-0.107452
-0.432521
-0.786831
-0.854643
-0.846552
-0.82322
-0.630663
-0.283815
-0.430328
-0.4577
-0.235903
-0.202304
-0.009126
-0.24585
-0.622868
-0.640597
-0.711208
-1.092271
-1.473333
-1.51377
-1.632286
-1.481725
-1.215755
-1.274857
-1.484829
-1.518422
-1.55326
-1.89886
-2.061238
-2.122828
-1.991242
-1.895429
-1.999325
-1.79837
-1.665851
-1.455563
-0.788309
-0.423729
-0.21002
0.274012
0.789462
1.206924
1.625319
1.842762
2.019453
2.120554
1.932046
1.886632
1.809488
1.680706
1.556279
1.285337
0.907697
0.693059
0.535347
0.322264
-0.203758
-0.725425
-1.04645
-1.059513
-0.841137
-0.971474
-1.076615
-1.309295
-1.510557
-1.557527
-1.71866
-1.917123
-1.509926
-0.852937
-0.598789
-0.576389
-0.427694
0.072203
0.290889
0.022435
-0.276192
-0.298898
-0.354267
-0.423634
-0.632051
-0.878729
-1.034886
-1.008131
-0.881522
-1.071274
-1.005947
-1.006256
-1.467886
-1.491214
-1.292436
-1.224931
-0.788182
-0.272732
0.078161
0.592366
1.211093
1.731831
1.935586
1.844755
2.01647
2.414023
2.718877
2.84082
2.838023
2.531307
2.291161
2.274987
1.997512
2.161761
2.564292
2.656994
2.69868
2.455734
2.171416
1.991618
1.465907
0.798347
0.363469
0.311833
0.433776
0.405782
0.374054
0.195812
-0.229111
-0.87303
-1.594406
-1.8977
-1.8753
-2.022125
-2.071583
-2.147171
-2.144058
-1.607144
-1.369482
-1.333084
-1.047206
-1.044715
-1.109416
-0.833181
-0.609828
-0.258936
-0.164367
-0.126414
0.210791
0.081076
-0.092812
0.12152
0.347672
0.375049
0.59498
0.550499
0.391854
0.200857
-0.178027
0.031327
0.403684
0.473677
0.371025
0.412089
0.672771
0.910744
1.014022
0.877775
0.842003
0.980433
0.974836
1.184191
1.345329
1.359018
1.923618
2.185543
1.988014
2.137954
1.917094
1.44551
1.183589
0.916068
0.582289
0.385382
0.502348
0.431426
0.162661
-0.242665
-0.464458
-0.504273
-0.537244
-0.523244
-0.325088
0.052557
0.339991
0.636134
0.875041
1.232466
1.091552
0.779237
0.571754
0.017113
-0.275605
-0.287734
-0.413094
-0.750295
-1.012527
-1.017191
-1.196367
-1.625023
-1.847438
-1.874499
-1.854899
-1.750376
-1.655497
-1.531377
-1.025259
-0.47559
0.039549
0.531668
0.970284
1.332375
1.492891
1.688558
1.75824
2.185657
2.492377
2.406212
2.553352
2.232327
1.95423
2.170428
1.786877
1.164423
0.944496
0.757233
0.570902
0.500913
0.193886
-0.053414
0.141942
-0.120602
-0.562323
-0.709147
-0.849439
-0.687679
-0.605242
-0.89516
-0.759841
-0.394017
-0.39557
-0.23692
-0.222298
-0.302863
-0.351077
-0.39027
-0.602109
-1.028276
-1.184433
-1.511057
-1.70672
-2.201323
-2.331661
-2.200386
-2.383294
-2.339742
-2.477545
-2.340048
-1.95276
-1.435755
-1.283638
-1.166983
-1.131518
-1.354867
-1.165732
-1.14271
-1.187503
-0.812657
-0.448078
-0.00013
0.452172
0.84506
1.476851
1.944396
2.168682
2.316444
2.515844
2.602324
2.521448
2.355337
2.202913
1.828695
1.37733
1.018977
0.276759
-0.586155
-0.919623
-1.055249
-1.38094
-1.87461
-2.271848
-2.361746
-2.55181
-2.47435
-2.187539
-2.032622
-1.710348
-1.515925
-1.115883
-0.561238
-0.288736
0.263732
0.528458
0.628936
0.916059
1.027736
1.055735
1.294331
1.433071
1.369304
1.387348
1.324825
1.624701
1.60635
1.298079
1.036469
0.492094
-0.12725
-0.878178
-1.483524
-1.753222
-1.853074
-1.836585
-1.640918
-1.258296
-0.823413
-0.537846
-0.312627
-0.172642
-0.459138
-0.56179
-0.609693
-1.134159
-1.639962
-2.44035
-2.556378
-2.112475
-2.30036
-2.059277
-1.667011
-1.516139
-1.002555
-0.92043
-0.927271
-0.422708
-0.020489
0.21344
0.142829
-0.005239
0.059466
0.075644
-0.010521
0.108934
0.167418
0.255453
0.047037
-0.14116
-0.087031
-0.139911
-0.00988
0.000387
-0.114396
-0.425778
-0.408667
-0.72036
-0.969838
-0.91882
-1.01245
-1.385114
-1.78204
-1.731955
-1.616856
-1.442031
-1.519175
-1.221787
-0.980703
-0.498849
-0.104406
0.070108
0.061712
0.036828
0.259248
0.270449
0.60361
1.227313
1.503237
1.445691
1.765165
1.711352
1.55364
1.346779
0.829778
0.221322
-0.056775
-0.391176
-0.69136
-1.111617
-1.465305
-1.504809
-1.83641
-2.080911
-1.943104
-1.900173
-2.046997
-1.820223
-2.036416
-1.909185
-1.451284
-1.111901
-0.804558
-0.245869
0.045609
0.085428
0.413612
0.737753
1.032963
1.298622
1.377325
1.520732
1.793546
1.609704
1.557757
1.366449
1.16892
1.119773
1.321662
1.295845
1.06752
1.051035
0.606203
0.288911
0.365126
0.19186
0.126849
-0.168669
-0.389839
-0.573992
-0.719883
-0.40352
-0.713657
-0.758138
-0.801064
-0.743202
-0.103323
-0.091811
-0.165844
0.089238
0.237933
0.231403
0.304507
0.593808
0.951855
1.427177
1.40727
1.232138
1.519261
1.492822
1.385504
0.917342
0.476865
0.651379
0.503932
0.359597
0.419947
0.781727
0.85421
0.571758
0.140613
-0.252892
-0.181343
-0.23329
0.155242
0.44952
0.330692
0.650166
0.701807
0.71954
0.834017
0.796069
0.699949
0.820026
1.259574
1.038403
1.011342
0.945086
0.931712
0.721429
0.341611
0.287176
-0.049092
0.073473
-0.159518
-0.25937
-0.136805
-0.384106
-0.539951
-0.387834
0.192941
0.359367
0.597029
0.994583
1.371917
1.6158
1.795292
2.096724
1.808672
2.093928
2.11695
1.863428
1.987237
2.012125
2.279961
2.416525
2.830254
3.0197
3.047076
3.165286
3.067923
2.755919
2.370813
1.9518
1.194339
1.081422
0.768485
0.174338
0.202648
-0.03501
0.011654
-0.042782
-0.284483
-0.346384
-0.401442
-0.733977
-0.841295
-0.76508
-0.919992
-0.995891
-1.326248
-1.499514
-1.363884
-1.353616
-1.641045
-1.810267
-1.814308
-1.706053
-1.623616
-1.2833
-1.050926
-0.629731
-0.543562
-0.402021
-0.035886
-0.335758
0.055574
0.162896
0.040336
0.363232
0.505395
0.725014
0.827671
0.776968
1.009964
0.758619
0.684897
0.949934
0.769825
0.956782
0.893947
0.577588
0.778233
0.571371
0.395618
0.314119
-0.023393
0.120014
0.139614
0.089222
-0.032405
-0.198516
-0.321699
-0.465723
-0.458877
-0.708044
-0.867311
-0.729193
-0.738834
-0.536945
-0.581115
-0.775534
-0.653591
-1.020343
-1.14757
-1.007585
-1.251153
-1.383356
-1.249282
-1.449299
-1.494714
-1.420987
-1.529549
-1.587718
-1.791468
-1.765958
-1.785864
-1.772175
-2.004233
-2.258066
-2.383115
-2.301301
-2.190868
-2.193665
-1.813221
-1.664215
-1.319543
-1.121077
-1.076591
-0.951537
-0.939403
-0.783553
-0.724447
-0.554288
-0.490516
-0.54464
-0.166062
0.244245
0.235226
0.218742
0.070673
-0.301679
-0.583197
-0.557998
-0.551463
-0.263097
0.2396
0.364031
0.635911
0.48411
0.513975
0.751015
0.678537
0.687872
0.60544
0.753201
1.112804
1.48796
1.432281
1.471478
1.305989
1.059
0.939861
0.75633
0.806104
0.370293
0.145701
0.152547
-0.218872
-0.399292
-0.277349
-0.053063
0.147892
0.174958
0.315565
0.5019
1.022016
1.275232
1.444147
1.788196
1.633284
1.996619
2.167089
1.976404
1.781052
1.508555
1.442609
1.373865
1.05875
0.769143
0.742393
0.559485
0.411416
0.18869
0.177183
0.352941
0.310327
0.030363
-0.050202
-0.006961
-0.078506
-0.214753
-0.069169
0.25155
0.174095
0.342388
0.876191
1.056304
0.883039
1.153364
1.293038
1.540654
1.654198
1.732591
1.87662
1.880044
2.024384
1.905867
1.866363
1.588266
1.329456
0.92693
0.673097
0.355804
-0.221856
-0.299
-0.618158
-0.995176
-1.213858
-1.305311
-1.25056
-1.621979
-1.668016
-1.305302
-1.192692
-0.913035
-0.55281
-0.438644
0.036678
0.728506
0.7985
0.805657
1.092157
0.946888
1.224057
1.078477
0.669729
0.844866
0.47438
0.183218
0.215883
-0.02924
-0.363641
-0.371727
-0.532861
-0.379188
-0.642354
-0.845793
-1.119535
-1.603251
-1.589251
-1.643686
-1.721452
-1.800774
-1.879473
-1.677273
-1.424991
-1.619409
-1.163996
-0.950286
-0.730356
-0.537488
-0.425189
-0.380392
-0.266226
0.047338
-0.165122
-0.252843
-0.525029
-0.617416
-0.318472
-0.514446
-0.717574
-0.619584
-0.766719
-0.604648
-0.354854
-0.061821
0.109893
0.046437
-0.313784
-0.359198
-0.103183
-0.339285
-0.542102
-0.365721
-0.703233
-1.216812
-1.401276
-1.529125
-1.437979
-1.471261
-1.853879
-2.136331
-2.666397
-2.440555
-1.912351
-3.000482
-2.415041
-2.198531
-1.597847
-0.983165
-1.215534
-0.525261
-0.643466
0.036541
0.401432
0.444985
0.317136
0.526179
0.605194
0.566934
0.814862
0.442821
0.317772
0.529615
-0.044935
-0.413243
-0.457413
-0.953572
-0.84936
-0.656804
-1.038177
-1.138963
-0.803935
-1.465585
-1.525619
-1.444427
-1.084202
-0.927108
-1.357009
-1.360117
-1.755178
-1.377533
-1.187465
-1.410502
-1.382814
-1.121822
-0.898469
-0.695958
-0.195751
0.161674
0.517855
0.46653
0.748365
0.640425
0.679
1.227424
0.940617
1.366789
1.637114
2.031556
2.11586
2.171544
2.574386
2.487599
2.656513
2.449963
2.221016
2.176846
2.197068
2.055843
1.615366
1.371487
1.269146
0.932879
0.379171
0.542798
0.447301
0.205288
0.689942
0.182273
0.247912
0.642666
0.68964
0.804117
0.581702
0.316359
0.613125
0.587308
0.616551
0.629619
0.86697
1.652431
1.113033
0.889996
1.406379
1.366564
0.991412
1.153484
0.35434
0.195384
0.241736
0.130685
-0.228291
-0.386003
-0.326585
-0.83581
-0.780436
-0.89802
-0.4958
-0.754922
-0.680262
-0.513836
-0.424244
-0.138055
0.21346
-0.223595
-0.431701
-0.287361
-0.453471
-0.467156
-0.667174
-0.15048
-0.450974
-0.750535
-1.00499
-0.920998
-0.587215
-0.391236
-0.202724
-0.51815
-0.34488
-0.147346
-0.350475
-0.367892
-0.087924
0.37651
0.522094
0.309011
0.046779
0.153479
0.149749
0.013812
-0.113414
-0.440972
-0.342359
-0.428835
-0.395859
-0.262718
-0.063007
-0.362257
-0.338924
-0.432866
-0.314656
-0.280436
-0.423838
0.287899
0.180581
0.630084
0.506279
0.465531
0.529925
0.264582
0.071097
-0.358492
-0.430659
-0.72462
-0.952635
-1.053109
-1.370712
-1.873404
-1.993787
-2.127235
-2.189447
-2.113854
-2.357422
-2.537842
-2.044789
-1.864987
-1.623903
-1.397128
-1.09383
-0.457684
-0.592065
-0.609483
-0.353156
-0.036793
0.361072
0.582247
0.714144
0.772006
0.644157
0.963631
1.270974
1.121972
1.007811
0.751178
0.749936
0.870945
0.610891
0.496729
0.61525
0.52753
0.539664
0.522557
0.441058
0.860076
1.122935
1.081564
1.242391
1.469477
1.480056
1.188894
1.069755
0.973014
0.978926
0.831791
0.635817
0.921696
0.660085
0.426472
0.496777
0.56957
0.611878
0.389774
0.61966
0.499588
0.331611
0.78889
0.958738
1.081303
1.018158
0.934792
0.757483
0.412817
0.469745
0.225244
-0.028278
0.232403
0.304886
0.24174
0.491223
0.492469
0.49496
0.494651
0.271303
0.647393
1.027215
0.838085
0.688461
0.749745
0.964387
0.939815
0.875425
0.874183
0.946976
1.044345
1.30036
1.489494
1.196466
0.717727
0.999561
1.321213
0.560331
0.805459
1.572878
2.231733
1.381261
1.037839
1.479876
1.140809
1.370072
1.594047
2.022708
1.704793
1.613962
1.228234
0.933028
1.2693
1.143007
1.026357
0.896953
1.033827
1.207719
0.994636
1.013614
1.193728
1.097297
0.49724
0.627271
0.698509
0.760414
0.830408
0.338915
0.882362
0.749847
-0.026278
0.121173
0.649688
-0.136702
0.258674
0.695112
0.298496
0.856252
0.659034
0.532119
0.602734
0.681127
0.291666
0.156974
0.855335
1.066867
0.92502
0.065216
0.425752
0.985997
0.313459
0.628578
-0.062001
-0.388315
-0.373381
-0.24335
-0.198553
-0.046436
0.702319
-0.518952
-0.760342
-0.516147
-0.576493
-0.656748
-0.820992
-0.797659
-1.775982
-2.106339
-1.553249
-1.793395
-1.690427
-1.115873
-1.810497
-1.82076
-0.859854
-0.736044
-0.945705
-0.440209
-0.334753
-0.288401
-0.447979
-0.22836
0.740946
-0.144054
-0.571466
0.492717
0.213375
-0.363041
0.47157
0.698345
0.277154
0.228007
0.182593
0.035146
0.843005
0.447012
-0.506114
0.738803
0.368317
-0.668176
0.248558
0.800404
-0.16392
-0.242619
-0.206532
-0.51107
-0.141513
-0.484003
-0.380413
-0.646378
-0.580428
-0.144924
-0.800975
-1.478489
-1.239894
-1.090577
-1.732007
-1.287481
-1.61535
-1.992368
-2.104041
-2.070754
-1.627473
-1.964051
-2.282899
-1.998265
-1.414068
-1.53725
-1.570222
-1.741621
-1.606302
-1.710509
-1.924214
-2.019089
-1.973359
-2.029661
-2.099028
-2.276959
-2.741078
-2.700636
-2.7924
-2.719607
-3.283891
-3.319973
-3.246557
-3.159766
-3.115902
-2.906237
-2.464822
-2.580228
-2.373051
-2.311145
-1.614028
-1.142129
-1.10542
-0.661827
-0.595878
-0.751101
-0.235962
-0.042472
-0.46304
-0.265818
-0.072639
-0.21262
-0.054904
-0.077299
-0.125824
-0.317442
-0.606116
-0.403605
-0.296905
-0.027824
0.38435
0.664629
0.737111
0.830746
1.148043
1.094229
1.220527
1.679051
1.351494
1.351807
1.87379
1.730698
2.074125
2.611039
2.584289
2.6969
2.535766
2.421294
2.553813
2.525819
2.527065
2.42908
2.177424
1.820626
2.388647
2.38585
1.605992
1.541913
1.245463
1.097395
1.219337
1.35559
0.958663
0.504499
0.280217
0.018607
0.255647
0.026077
-0.07253
0.241344
-0.042974
-0.006576
0.149274
-0.015904
-0.401632
-0.348436
-0.084022
-0.30737
-0.161475
0.078676
0.180399
0.216486
0.014913
0.018648
-0.025522
-0.27189
0.240761
0.586987
0.705819
0.856381
0.668495
0.563977
0.784219
0.959666
0.732274
0.666951
0.803826
0.672866
0.562438
0.521689
0.396951
0.620615
0.57209
0.495879
0.387317
0.354657
0.631203
0.594187
0.172375
0.070034
0.016221
-0.145535
-0.251298
-0.553658
-0.485531
-0.803756
-1.01715
-0.718518
-1.054163
-1.322306
-1.082777
-0.960523
-0.977319
-0.900793
-0.66282
-0.50977
-0.533098
-0.488612
-0.434483
-0.548334
-0.430746
-0.497624
-0.52904
-0.396521
-0.371322
-0.242846
-0.358252
-0.671189
-0.890182
-0.910089
-0.895466
-1.029225
-1.197202
-1.1972
-0.976336
-0.711611
-0.950823
-0.933401
-0.682674
-0.631034
-0.508469
-0.743015
-0.797762
-0.350748
-0.211385
-0.198318
-0.323678
-0.173427
-0.072637
-0.273277
-0.175287
-0.405167
-0.524928
-0.384632
-0.273266
-0.169676
0.122735
-0.05613
-0.238105
-0.245569
-0.499402
-0.750125
-0.777497
-0.76163
-1.031639
-0.76598
-0.77811
-0.850899
-0.495651
-0.346956
-0.154711
-0.027168
-0.309932
-0.576208
-0.642775
-0.624108
-0.66859
-1.049963
-0.96566
-0.590503
-0.269785
-0.177083
-0.262937
0.092
0.063072
-0.012516
0.262163
0.246301
0.330604
0.559556
0.305101
0.253776
0.308216
0.486774
0.747144
0.584144
0.477138
0.112251
-0.001288
