0.009256
0.010828
0.005798
-0.003631
0.006741
-0.000489
0.007055
-0.000175
0.007054
0.00894
-0.004262
0.00894
0.004539
0.008625
-0.006463
0.009253
0.001709
0.008938
-0.004578
0.007995
-0.003321
0.008623
-0.003007
0.008937
0.007994
0.001079
0.002964
-0.007094
0.015537
-0.00458
0.022137
-0.018096
0.020879
-0.010238
0.022136
-0.006467
-0.00301
0.015849
-0.01684
0.021192
-0.01244
0.032507
-0.017784
0.019305
-0.003954
-0.003326
0.013333
-0.009298
0.029048
-0.016214
0.007674
-0.005527
0.002645
0.003902
-0.007414
0.030304
-0.005528
0.007987
0.002643
0.002015
0.014587
-0.011502
0.007672
0.010815
0.007043
-0.007731
-0.002387
0.011757
0.001698
0.001698
-0.006789
0.002641
0.020242
-0.000189
-0.00679
0.011126
0.014584
-0.003018
-0.00019
0.000439
0.007354
0.011439
-0.014021
-0.005848
0.026212
-0.005535
-0.009621
0.01081
0.002951
0.016781
-0.005536
-0.003021
0.013952
0.008294
-0.002393
-0.000193
-0.000193
0.009236
-0.001137
-0.001137
0.00955
0.001377
0.003577
0.005463
-0.000509
0.005777
0.008291
-0.001453
0.013005
-0.002396
0.001375
0.003261
0.007347
0.00829
-0.002083
-0.00114
0.00766
0.007974
-0.005542
0.008288
0.004831
0.009545
-0.003971
-0.008057
0.02526
0.002629
-0.008686
0.001372
0.007343
0.012372
-0.001144
-0.008687
0.002628
0.022115
-0.002402
-0.00806
0.011742
0.0152
0.015514
-0.020633
-0.00146
0.029972
0.004826
-0.003975
-0.013405
0.014255
0.019598
-0.009319
-0.011206
0.015511
0.018026
-0.010892
-0.00052
0.01331
0.004823
-0.001463
-0.00052
0.004823
0.017395
0.001679
-0.00555
0.00105
0.007336
0.00325
0.005136
0.000106
0.000106
0.005449
-0.000523
0.013307
0.009849
-0.005867
-0.010582
0.005134
0.020221
0.008591
-0.01404
0.00859
0.007333
0.013933
-0.001783
-0.013098
0.016762
0.014876
-0.003984
-0.016557
0.019904
0.012674
0.001044
-0.02253
0.014874
0.028075
-0.000214
-0.007443
-0.019073
0.027446
0.020216
-0.005244
-0.015302
0.005757
0.017386
0.005128
-0.021904
0.000727
0.02933
0.01047
-0.012161
-0.00336
0.026814
0.006069
-0.009333
-0.002418
0.00764
0.014555
0.005125
-0.012477
0.008268
0.006067
0.012668
-0.005563
-0.016879
0.023668
0.016439
0.004809
0.011724
-0.021594
0.003551
0.024296
-0.020338
0.012351
0.00355
0.007322
0.015808
-0.004937
-0.007766
0.019894
0.009207
-0.018139
0.013607
0.016435
0.005748
-0.011225
-0.014054
0.028693
0.017377
-0.033857
0.003547
0.035607
0.006061
-0.026629
0.002603
0.025234
0.013289
-0.010913
-0.014057
0.023347
0.018318
-0.019715
-0.001799
0.010459
0.006058
0.015173
-0.004943
0.001657
0.010458
0.005429
0.002914
8.5e-05
-0.013117
0.012029
0.012028
0.013914
-0.005888
-0.014061
0.0202
0.002598
-0.004946
0.001654
0.023656
0.008883
-0.02412
0.004168
0.029628
0.008568
-0.007148
-0.028208
0.020826
0.039999
-0.026951
-0.020351
0.033712
0.029626
-0.02318
-0.031038
0.022396
0.053199
-0.007151
-0.059328
0.007936
0.061056
0.007307
-0.03104
-0.016581
0.027423
0.029937
-0.017525
-0.023812
0.020507
0.028365
-0.014383
-0.009039
7.6e-05
0.01642
0.027421
-0.015012
-0.017527
0.012647
0.026163
-0.000869
-0.015328
-0.006213
0.036849
0.015161
-0.027587
0.000701
0.011702
0.024904
-0.004957
-0.013444
-0.002443
0.014216
0.01893
-0.014702
-0.005901
0.019873
0.013272
0.000385
-0.01816
-0.007788
0.036845
0.017671
-0.022562
-0.018476
0.017671
0.031815
-0.00056
-0.031992
0.003525
0.038729
0.003525
-0.021621
-0.004962
0.029299
0.02144
-0.031365
-0.009363
0.033698
0.021754
-0.009364
-0.024766
0.013581
0.022382
6.5e-05
-0.007165
-0.005593
0.015152
0.028353
-0.009051
-0.025711
0.018294
0.023323
0.003835
-0.008738
-0.009681
0.010435
0.021436
0.002891
-0.016597
0.01012
0.006662
0.013577
0.007604
-0.009998
0.011062
0.005718
0.00226
0.014518
-0.003398
-0.016914
0.031491
0.014832
-0.024144
-0.007485
0.016089
0.023003
-0.001514
-0.018487
0.017974
0.019545
-0.000572
-0.013145
0.003514
0.027716
-0.005916
0.001313
-0.009374
0.005399
0.018914
-0.00906
0.005398
5.5e-05
0.010427
0.018599
-0.01409
0.00414
0.016713
0.000682
5.3e-05
0.000367
0.002567
0.012311
0.002253
-0.008434
0.008853
0.01954
-0.004663
-0.017865
0.021425
0.012624
0.005394
-0.001207
-0.013151
0.018909
0.016394
-0.016924
-0.000265
0.026452
-0.007495
0.010736
-0.008124
0.008535
0.026451
-0.030755
0.014821
0.014506
-0.000581
0.010734
-0.016612
0.014191
0.023935
-0.014412
0.008847
-0.011898
0.033363
-0.000583
-0.021014
0.025191
-0.023529
0.041535
-0.018815
-0.006871
0.026761
-0.015358
0.019531
-0.011586
0.020474
-0.0031
-0.005301
0.026131
-0.015045
0.004128
0.008528
0.008214
-0.002159
-0.009074
0.022672
0.002555
-0.000274
0.017328
-0.009704
0.01827
-0.004989
0.000354
0.000354
-0.003104
0.030214
-0.013163
0.020155
-0.015049
0.000352
0.028012
-0.012221
0.008524
-0.001849
0.004123
0.014495
-0.007193
0.017638
-0.002164
-0.009079
0.020467
-0.002793
0.033982
-0.031711
-0.000908
0.026752
-0.01631
0.037438
-0.033912
0.006006
0.02235
-0.017568
0.032722
-0.01914
-0.011597
0.039322
-0.010654
0.020463
-0.00374
-0.018513
0.044036
-0.018199
0.005375
0.010403
-0.010027
0.022347
-0.009714
0.013546
0.019832
-0.016944
0.014174
-0.007829
0.007573
0.00883
-0.015373
0.03146
-0.014745
0.005371
0.024545
-0.020403
0.027059
-0.020089
-0.000916
0.044031
-0.03392
0.007884
0.005998
0.000655
0.025486
-0.008775
-0.006261
0.000968
0.026113
-0.009405
2.4e-05
0.023912
-0.014749
0.012282
0.003481
0.003167
0.016368
-0.005949
0.008195
-0.003435
0.011338
-0.004693
0.009137
0.002222
-0.008779
0.04434
-0.042726
0.022966
-0.005323
0.008193
0.013536
-0.034555
0.044339
0.003791
0.020764
-0.069445
-0.027641
0.151206
-0.0355
-0.026385
-0.008154
0.000332
0.103114
-0.128225
-0.041159
0.105943
0.14146
-0.142684
-0.07322
0.074195
0.122915
-0.043989
-0.286958
0.155918
0.404858
-0.192663
-0.454805
0.266871
0.242669
0.044647
-0.375597
-0.101826
0.501667
-0.007845
-0.331908
-0.036134
0.19992
0.225065
-0.263073
-0.212153
0.297672
0.062875
-0.016019
-0.193295
0.012269
0.198975
-0.015705
-0.116916
-0.019792
0.080161
0.101849
-0.126661
-0.019479
0.141453
-0.079828
0.016982
-0.084229
0.033326
0.165968
-0.057513
-0.080144
-0.05657
0.243604
-0.172869
-0.169411
0.453883
-0.28791
-0.115663
0.45294
-0.368062
-0.123836
0.454825
-0.285397
-0.093034
0.349213
-0.093034
-0.345747
0.385359
-0.126353
0.04998
0.060353
-0.452931
0.604439
-0.124468
-0.19959
-0.029858
0.129187
0.2524
-0.277542
-0.203049
0.290746
0.187021
-0.287601
0.00723
0.067579
-0.002829
0.103725
-0.079837
-0.148045
0.183562
0.051233
-0.107498
0.012257
0.049975
-0.04212
0.047146
0.000941
-0.042435
0.039287
0.031743
-0.046837
0.031743
0.002511
-0.026092
0.034257
-0.004404
0.035514
-0.019178
-0.004091
-0.013206
0.044628
-0.009121
0.019168
-0.041496
0.018539
0.04777
-0.026723
-0.00975
0.014766
0.016966
0.000621
0.011622
-0.032697
0.052483
-0.029868
0.021994
-0.005352
-0.017611
0.060026
-0.031755
0.000305
0.025136
-0.012897
0.018535
-0.012583
0.024507
0.024506
-0.074504
0.080455
-0.036472
0.000617
0.020733
-0.039616
0.10057
-0.086764
0.040849
0.000616
0.002816
0.032676
-0.070421
0.088624
-0.036475
-0.008501
0.028903
-0.02736
0.056249
-0.043391
0.003757
0.036446
-0.047163
0.087679
-0.069166
0.023244
0.012871
-0.02359
0.066305
-0.088026
0.062218
0.020413
-0.028306
0.011298
0.007211
-0.00159
0.009726
-0.003162
0.00501
0.003753
-0.020764
0.049329
-0.030823
-0.008821
0.034555
-0.003792
0.012867
-0.030824
0.060014
-0.036168
0.026067
-0.004422
-0.021395
0.05467
-0.072316
0.081072
-0.069801
0.054354
0.007206
-0.033655
0.045867
-0.030198
0.048381
-0.039943
0.04398
-0.011026
-0.018569
0.038636
-0.0346
0.01852
0.003118
-0.005998
0.033921
-0.04906
0.056237
-0.003484
-0.006627
0.024176
-0.062891
0.092068
-0.03146
-0.025488
0.049949
-0.042461
0.073208
-0.025803
-0.028946
0.029831
-0.00663
0.027631
-0.017632
0.013486
-0.011031
0.037059
-0.041206
0.0204
0.035801
-0.055351
0.079806
-0.077354
0.04523
0.018827
-0.035236
0.074775
-0.085213
0.065974
-0.000347
-0.011349
0.004367
-0.032094
0.06063
-0.012921
0.00028
-0.005064
0.004051
-0.020466
0.0666
0.008451
-0.056613
0.019138
-0.036183
0.105575
-0.030211
-0.041841
0.04774
-0.050642
0.098345
-0.074845
0.00342
0.039881
-0.034613
0.072569
-0.086162
0.059368
0.01442
0.002475
-0.06196
0.037679
0.087341
-0.112881
0.120344
-0.158457
0.132288
0.028876
-0.136141
0.17252
-0.178575
0.146117
-0.022359
-0.079565
0.135744
-0.120112
0.058106
0.015359
-0.011987
0.050562
-0.081767
0.015672
0.087965
-0.037448
-0.018275
0.013471
-0.035249
0.11311
-0.105971
0.039873
0.054017
-0.079883
0.131339
-0.190524
0.122538
0.043958
-0.052853
0.097077
-0.177009
0.083561
0.098334
-0.116975
0.059987
-0.02488
-0.01325
0.103676
-0.106289
0.07853
-0.02991
-0.048455
0.113734
-0.0692
0.067843
-0.038397
-0.105976
0.150508
-0.028654
0.047725
-0.042485
-0.092147
0.147678
-0.061659
0.032008
-0.011054
-0.052544
0.100843
-5.3e-05
-0.042487
-0.01577
-0.008855
0.093613
0.018176
-0.092464
-0.017028
-0.00917
0.127244
-0.009171
-0.012314
-0.06732
-0.011057
0.078209
-0.021744
0.108383
-0.139615
0.055263
0.008115
-0.014831
0.043318
-0.054749
0.013143
0.039546
0.014714
-0.039034
0.038917
-0.097812
0.145785
-0.05978
0.021943
-0.027091
-0.020491
0.127553
-0.146848
0.13101
-0.116045
0.076004
-0.011691
0.010939
0.042057
-0.13962
0.113093
-0.019865
0.10932
-0.105046
-0.026466
0.04677
0.033569
0.022567
0.006222
-0.098446
-0.017981
0.11309
-0.00698
0.034196
-0.07393
0.059655
-0.094676
0.027594
0.025079
0.112774
-0.019869
-0.07016
-0.032128
-0.058531
0.166522
-0.043444
0.07254
-0.111337
0.028535
0.031363
-0.007927
0.021933
-0.058218
0.071281
0.005588
0.004331
-0.072992
0.049592
0.018474
0.029475
-0.039361
-0.009815
0.03419
0.008101
0.004329
-0.026475
0.001814
0.046761
-0.026161
-0.003216
0.047075
-0.04282
0.07222
-0.102856
0.077249
-0.048165
0.098936
-0.02522
-0.079283
0.097993
-0.125488
0.123767
-0.023335
-0.034651
0.057445
0.043929
-0.015478
-0.064826
-0.041252
0.087304
-0.035595
0.146081
-0.104746
0.023496
0.000236
-0.074886
0.074101
-0.126749
0.200771
-0.047855
0.040468
-0.104748
0.015951
0.019094
0.016265
0.0829
-0.026169
-0.030884
-0.10192
0.101758
0.007462
0.03135
0.032922
-0.115437
0.102386
-0.056974
-0.002911
0.100814
-0.13524
0.171849
-0.171387
0.10207
-0.00417
0.010917
-0.018943
-0.100981
0.16619
-0.059806
0.094525
-0.122041
0.075351
-0.085581
0.075665
0.043604
-0.094382
0.125012
-0.108527
0.071892
0.04989
-0.129273
-0.042835
0.075034
0.088236
0.070948
-0.06421
-0.196852
0.132554
0.024742
0.054288
0.037314
-0.17548
0.146697
-0.078984
0.08509
-0.081814
0.013425
0.072831
-0.027437
0.071259
-0.183025
0.130979
-0.045983
0.116834
-0.051641
-0.076787
0.066228
-0.048813
0.153923
-0.183656
0.109918
-0.04347
0.023794
0.10646
-0.210688
0.206413
-0.101934
-0.000724
0.05491
-0.055101
0.024735
0.061825
0.003676
-0.091878
0.075026
-0.152227
0.23187
-0.031529
-0.092193
0.075653
-0.088422
0.061508
-0.013614
0.064337
-0.056991
0.064965
-0.060134
-0.0089
0.012787
0.035104
0.049248
-0.036247
0.01813
-0.117027
0.10111
0.041075
-0.009531
-0.002302
-0.131801
0.110538
0.089793
-0.069881
-0.027763
-0.05448
0.076905
0.075648
0.024728
-0.175494
0.078162
0.052702
-0.023678
0.082247
-0.194668
0.092934
0.107078
-0.001991
-0.006392
-0.121747
-0.112632
0.235633
0.024725
0.05207
-0.122063
-0.162296
0.203257
0.040125
-0.013309
-0.109805
0.099531
-0.038141
0.016865
0.005235
0.073756
-0.085918
-0.030913
0.07187
0.035094
0.007119
-0.094406
0.081613
-0.046944
0.065268
-0.072404
0.104243
-0.043173
-0.044745
0.055208
-0.047889
0.093555
-0.051346
0.014346
-0.0108
-0.016772
0.07438
-0.072721
-0.004829
0.076894
-0.022116
0.002715
0.021888
-0.03249
-0.062665
0.058348
0.041375
0.08255
-0.09504
-0.104156
0.095751
0.054261
0.019371
-0.039407
-0.045693
-0.008604
0.087578
0.059917
-0.079955
-0.066754
0.030371
0.080976
0.022512
-0.066126
-0.019607
0.027855
0.073117
-0.056069
-0.045068
0.062429
0.037598
0.002394
-0.070214
0.000508
0.059285
0.030367
-0.030925
-0.017409
0.013708
0.004592
0.003021
0.004592
-0.002638
0.047025
-0.028726
-0.014582
0.030679
-0.02967
0.057396
-0.02967
-0.011126
0.010562
0.027849
0.009619
-0.047588
0.007418
0.04105
0.027848
-0.010499
-0.007356
-0.023386
0.035077
-0.011128
0.01936
-0.004842
-0.006729
0.03319
-0.013644
-0.000128
-0.032189
0.050476
0.033503
-0.040991
-0.012388
0.043875
0.020929
-0.046021
0.038845
-0.002331
-0.03502
0.042931
-0.012075
0.015585
0.025643
-0.054509
0.023756
-0.005476
0.010554
0.057073
-0.032193
-0.019307
0.028784
0.017154
-0.039424
-0.009878
0.052043
0.054871
-0.079972
-0.002021
0.028782
-0.007993
0.058642
-0.028424
-0.031568
0.029096
0.004264
0.011493
0.013693
-0.054828
0.017465
0.053926
-0.014911
0.004263
0.025008
-0.060487
0.024379
0.046695
-0.035657
0.008033
0.027207
0.017462
-0.008626
-0.048859
0.017462
0.037264
0.02972
0.01589
-0.096951
0.015261
0.067437
0.006459
-0.034403
-0.033145
0.078752
0.010544
-0.065207
0.017773
0.01903
0.012115
0.047319
-0.03629
-0.056093
0.05329
0.03946
-0.035348
-0.030634
0.044488
0.026572
-0.016176
0.010227
-0.026549
0.021542
0.0272
-0.055467
0.056117
0.041029
-0.069926
-0.015235
0.030656
0.065545
-0.028751
-0.05924
0.052343
0.019025
-0.039753
0.034112
0.022168
-0.025609
-0.00015
-0.001721
0.042597
-0.000779
-0.041012
0.037882
-0.020896
-0.012724
0.118976
-0.054843
-0.072445
0.060512
-0.003295
0.012735
-0.003296
-0.010211
0.058625
0.010848
-0.07559
0.006133
0.108915
-0.05296
-0.108909
0.112058
0.04605
-0.019643
-0.042274
-0.019643
0.080939
-0.052961
-0.008328
0.096969
-0.047618
-0.029702
0.028446
0.016188
0.012101
-0.048248
0.055477
0.022788
-0.071194
-0.002358
0.046361
-0.001102
0.042589
-0.031277
-0.057051
0.066791
0.034101
-0.030334
-0.025934
0.029071
0.022785
0.030014
-0.017763
-0.068683
0.033471
0.089105
-0.056739
-0.01965
0.040071
-0.002991
-0.030023
-0.00142
0.082503
-0.013679
-0.076857
0.030325
0.050442
0.017438
-0.028453
-0.032225
0.030324
0.024666
-0.025939
0.043839
0.059555
-0.142238
-0.024369
0.109846
0.069298
-0.006767
-0.129352
-0.00331
0.106701
0.014291
-0.014312
-0.01997
-0.023113
0.057038
0.00046
-0.031915
0.054837
-0.043859
-0.0184
0.039435
0.030005
0.017432
-0.069635
0.021832
0.016488
0.044463
0.008944
-0.06555
-0.000171
0.020888
0.039118
0.038804
-0.032233
-0.050464
0.017744
0.032202
0.053261
-0.041978
-0.030348
0.01177
0.024343
0.027486
-0.021548
0.003597
-0.031921
0.026856
0.063317
-0.006147
-0.03035
-0.049524
0.031256
0.068974
-0.016207
-0.00552
0.008624
-0.024694
-0.003949
0.035341
0.010823
0.002651
-0.024381
0.007365
0.036911
0.000136
-0.020924
-0.014324
0.027166
0.012707
0.009564
0.00422
-0.010238
0.004534
0.008306
0.01805
0.005791
-0.045758
0.017735
0.025278
0.024021
0.000446
-0.025957
0.00799
-0.00144
0.030935
0.01239
-0.008984
-0.014328
-0.012757
0.022447
0.020875
0.024332
0.012074
-0.056762
-0.000814
0.022131
0.036275
0.029675
-0.036333
-0.017159
0.004843
0.026845
0.002013
0.005471
0.011757
-0.020304
0.009242
-0.005531
-0.007732
0.035958
0.004526
0.007984
0.00484
-0.016534
-0.006161
0.00924
0.023384
0.033442
0.002324
-0.033508
-0.021879
0.003267
0.044128
0.02464
-0.000191
-0.023766
-0.03351
0.026211
0.034383
0.016466
-0.002079
-0.017166
-0.013709
-0.006794
0.029352
0.03501
-0.006795
-0.034455
-0.005223
0.021493
0.044753
-0.003338
-0.030998
0.009234
-0.00271
0.021178
0.01552
0.001375
0.000432
-0.015284
0.003889
0.015205
0.021805
-0.00617
-0.016542
0.001688
-0.012771
0.038463
0.036262
-0.008057
-0.014658
-0.045461
0.014574
0.038147
0.013945
0.008915
-0.00743
0.001371
-0.020946
0.004514
0.037203
0.024001
-0.009631
-0.03572
0.001055
0.025886
0.032487
0.004198
-0.016547
-0.00146
-0.010576
0.018341
0.018341
0.023056
-0.004605
-0.031951
0.010797
0.001053
0.021169
-0.003034
0.00891
0.009853
-0.013721
0.026511
-0.00555
0.001051
0.005765
0.007023
0.01268
-0.011208
0.005136
-0.001779
0.004821
0.004192
-0.002409
0.015507
-0.003038
0.008592
0.018021
-0.017497
0.013621
0.008906
0.000104
0.021164
-0.020641
0.016134
0.007647
-0.005869
0.018334
-0.019699
0.009218
0.025248
-0.025043
0.00576
0.020533
0.013617
0.009217
-0.024416
0.003244
0.014245
0.004187
0.006387
0.002929
0.0023
0.012358
-0.011216
-0.004301
0.025245
-0.003044
-0.001159
0.015814
-0.011217
9.8e-05
0.015814
0.004184
0.005127
0.003555
-0.011533
0.004497
0.002611
0.005125
0.02367
-0.011848
0.005439
0.003867
0.001353
0.012982
0.000724
0.007638
-0.003677
0.000723
0.010152
0.003237
-0.007764
0.003865
0.016123
0.000722
0.001036
-0.002736
0.00575
0.012351
0.010464
0.002292
0.003863
0.00072
-0.015311
-0.001795
0.019893
0.017692
-0.006825
0.000404
0.001347
0.000718
0.00889
-0.010598
0.013919
0.023663
-0.001797
-0.010598
0.001974
0.003545
-0.00337
0.018947
0.004488
0.003545
-0.000227
-0.000542
-0.011229
0.006687
0.015488
-0.004629
0.006686
0.005429
0.001342
0.004485
0.008886
0.005114
-0.002116
0.005742
-0.000859
-0.008717
0.024286
0.00857
-0.009661
0.005741
0.014227
-0.005575
0.00794
0.000396
0.001653
0.005111
0.005111
0.00511
0.001967
0.006996
-0.000548
0.003538
0.007624
0.006995
-0.013436
-0.000235
0.009509
0.003222
0.005108
0.008565
-0.000864
0.015166
0.00385
0.004793
-0.007466
0.003221
0.011707
-0.005266
-0.002123
0.013907
0.005734
-0.004324
0.001962
0.008248
0.013906
-0.003068
0.004161
-0.016898
0.009504
0.016105
0.004789
-0.004326
0.005417
0.007932
-0.010299
-0.001498
0.023333
0.005102
-0.011243
0.00353
0.012645
0.008873
-0.0059
0.01233
0.007615
-0.001815
-0.007158
0.012643
0.004471
0.004471
0.000384
0.001641
0.007299
0.006356
0.004155
-0.005903
0.006669
0.006355
0.014841
0.006355
0.002897
0.002582
-0.005276
-0.002762
0.002267
0.013897
0.012639
-0.011249
0.004781
0.008238
-0.001506
-0.001506
0.006037
0.013267
0.000694
0.007608
0.006665
0.008237
-0.01188
0.001321
0.011379
0.002578
0.00855
-0.00088
0.001634
-0.009053
0.007606
0.01515
-0.00151
-0.000567
0.00289
0.006348
-0.001825
0.002261
0.015462
0.002889
-0.001826
-0.002454
0.013576
0.00226
-0.000883
0.003202
0.006345
0.003516
-0.018172
0.022689
0.00603
-0.002142
0.003515
0.002886
0.013259
-0.018802
-0.003401
0.029917
0.0032
-0.000258
0.000999
-0.00623
0.012943
0.00037
0.005084
0.00477
-0.008117
0.008227
0.006027
-0.004975
0.006655
0.007283
0.005083
-0.002147
0.006025
0.00854
-0.000576
-0.004348
0.010425
0.009482
-0.000891
0.005709
0.007595
0.000994
-0.011893
0.005709
0.010423
0.008223
-0.002779
0.005708
0.002879
-0.001208
0.010108
0.007907
0.005078
-0.001209
0.004449
0.00602
-0.008124
0.00382
0.021736
0.002876
-0.008754
-0.007497
0.017334
0.007905
-0.002468
-0.003097
4.6e-05
0.009475
-0.00184
0.002246
0.011046
0.01639
0.005703
-0.000898
-0.005299
0.003187
0.010416
0.000358
0.005701
0.011673
0.006329
-0.005615
-0.011901
0.005386
0.009158
0.0123
0.006643
-0.004045
-0.002159
0.001613
0.017329
0.006641
0.005384
-0.013161
-0.011275
0.014184
0.014813
0.016698
-0.011905
-0.006247
0.007268
0.011668
0.011354
0.00161
0.003181
0.001295
-0.004991
0.000666
0.008209
0.004752
0.00538
-0.006878
0.009152
0.008523
0.008837
3.6e-05
-0.003736
0.009779
0.003807
0.010722
-0.000594
0.006007
-0.010338
0.000977
0.014178
0.006634
-0.002795
-0.008453
0.020778
0.000661
0.000661
-0.000282
0.009462
0.006633
-0.003426
0.008832
0.003174
0.009146
-0.001226
-0.000912
-0.001227
0.024233
0.007574
-0.005942
-0.000913
-0.005
0.008201
0.003801
0.014173
-0.005001
-0.007515
-0.004687
0.005686
0.02423
0.010086
-0.009402
-0.000602
0.003484
0.011028
0.002541
0.006313
0.001912
-0.002489
0.00474
-0.012547
0.017313
0.004111
-0.000918
-0.001861
0.014483
0.013854
0.001596
-0.002491
-0.007834
0.005367
0.012596
0.011338
-0.004063
0.002851
0.004108
-0.004693
-0.003436
0.016995
0.010394
0.008193
-0.009723
0.004421
0.006936
-0.000923
0.006935
0.001277
0.011021
0.003477
0.003477
-0.000924
0.001276
0.011648
-0.005954
0.002533
0.00599
0.001275
0.007247
0.000646
0.013847
-0.005326
0.006932
-0.005327
0.001274
0.013846
0.005674
0.002216
-0.009728
0.000958
0.007244
0.004101
0.007558
-0.002814
0.0041
0.013215
0.002528
0.011643
-0.011302
0.0085
-0.003759
0.013843
-0.001245
0.00127
0.009442
-0.002188
0.017299
-0.01319
0.008498
-0.005018
0.007555
0.014469
-0.008162
0.010697
-0.001562
0.006925
0.002838
-0.002819
0.016039
-0.010049
0.012896
-0.004392
0.008809
0.000637
-0.002821
0.015724
-0.001878
0.016038
-0.014452
0.013523
0.001264
0.006293
0.001264
-0.009109
0.020437
0.00252
0.013521
-0.013196
-0.008482
0.003462
0.004719
0.022321
-0.009111
0.007548
-0.004397
0.002204
-0.000311
-0.003454
0.022948
-0.003141
0.013204
-0.013513
0.005031
0.004088
0.008803
0.004716
-0.013829
0.008802
0.000944
0.025775
-0.01383
-0.000314
0.001572
0.015716
0.001885
-0.006916
0.010686
-0.00283
0.008171
-0.012889
0.010685
0.00817
0.012885
-0.009118
-0.003774
0.007541
0.006912
0.006912
-0.00849
0.002511
0.011626
0.007854
-0.006605
-0.00692
0.003767
0.006596
0.005967
-0.001577
0.008481
0.010367
-0.000635
0.007852
-0.002835
0.00408
-0.00535
0.009737
0.001564
0.002507
0.00785
0.008164
-0.000951
-0.004094
0.006907
0.011935
0.001563
-0.009753
0.003134
0.003762
0.015392
-0.001582
0.005962
-0.001268
0.007847
0.000618
-0.009126
0.004075
0.012247
0.014447
0.001874
-0.01007
0.003131
0.021361
0.000616
-0.009757
-0.003156
0.012874
0.008787
0.001872
0.002186
0.003129
-0.002215
0.001871
-0.000329
0.007529
0.006271
0.006271
0.003128
-0.004416
0.003127
0.003756
0.013499
0.009727
0.001555
-0.008189
-0.005046
-1.8e-05
0.007212
0.006268
0.002811
-0.001904
0.008154
0.006582
0.00281
0.006896
-0.000962
0.003124
-0.000334
-2e-05
0.004066
0.004694
0.002494
0.012866
0.000608
-0.003165
0.004065
0.012551
0.000292
-0.001908
0.004064
0.006892
-0.005366
-0.009138
0.003749
0.008149
0.016635
-0.002853
0.009091
-0.001596
-0.000339
0.00689
0.011291
0.002175
0.003746
-0.001597
-0.008512
-0.00034
0.009718
0.014432
-0.004427
0.005317
-0.006628
0.006888
0.011602
0.000601
0.000286
0.005001
0.01223
0.004058
-0.006629
-0.000343
0.006257
-0.000972
-0.009773
0.013486
0.012228
0.005942
-0.002231
-0.002545
0.017885
0.004055
0.000597
-0.004118
0.005312
0.000282
0.004997
0.007511
-0.006633
-0.004119
0.008454
0.006253
0.004681
-0.003177
-0.000348
0.006881
0.008452
0.004995
-0.002235
0.004051
0.007509
0.002479
-0.000664
-0.007894
0.001221
0.013165
0.000278
0.001849
-0.010095
0.01065
0.009392
0.003734
-0.002238
0.013792
-0.00161
-0.002238
0.001219
0.006248
0.01442
-0.022041
0.00499
0.003732
0.019762
-0.006641
-0.001297
0.001217
0.009075
0.009703
-0.001298
0.010646
-0.008528
0.008131
-0.009471
0.00373
0.008444
0.00813
0.004986
-0.007586
0.011901
0.009072
-0.003501
0.009072
-0.002558
0.014729
-0.013874
-0.003188
0.010328
0.003098
0.018185
-0.008846
0.000897
-0.01419
0.022271
-4.6e-05
0.010326
-0.002561
0.004039
0.003725
0.000267
-0.00099
-0.009477
0.022897
0.006238
0.003095
-0.011993
0.009381
-0.000992
0.017553
-0.001307
0.005608
-0.00445
0.003093
0.000578
-5e-05
-5.1e-05
0.014408
-0.005394
-0.000994
0.016922
-0.00791
0.022265
-0.006653
0.000576
-0.008225
0.021321
-0.004139
0.001518
0.004347
0.016291
-0.012627
-0.000368
0.01189
-0.000369
0.013461
-0.002884
0.002145
-0.000684
0.015975
-0.003827
0.015974
-0.0054
0.003401
-0.020487
0.009687
0.017859
0.003086
0.000886
-0.003829
-0.002572
0.010943
0.0144
-0.004773
0.003085
-5.9e-05
0.021629
-0.016404
0.010942
-0.008546
0.007169
0.01597
0.009369
-0.017977
-0.010119
0.024142
-0.003204
0.012511
-0.015463
0.01534
0.002453
0.012196
-0.019236
-0.001634
0.029169
0.000251
-0.005721
-0.023323
0.020367
0.001193
0.033568
-0.007922
-0.017666
0.012822
0.009365
0.017851
-0.031497
0.021308
0.003077
0.003077
0.00842
-0.029612
0.025079
0.014392
0.000247
-0.012011
0.001504
0.022249
-0.00604
0.014076
0.004961
-0.009184
-0.000697
0.010932
0.004646
-0.00667
0.015961
0.001816
-7e-05
0.009988
0.00213
0.005273
-0.000385
0.013445
-0.006043
0.004015
0.019102
-0.008873
-0.000386
-0.001015
0.000556
-0.00133
0.009357
-0.000702
0.00747
0.010299
0.006841
-0.009189
-0.004475
0.020985
-0.00919
0.000868
0.009669
0.001811
-0.00259
0.005896
-0.00259
0.003067
0.005896
0.014696
-7.7e-05
-0.015479
0.010295
0.005266
0.002751
0.015324
-0.000392
-0.012965
0.008094
0.007151
-0.003851
0.003378
0.013436
-0.001651
0.006207
0.004949
-0.005109
-0.00731
0.00872
0.006834
0.000862
0.000862
0.000233
0.00369
0.001176
0.000232
-0.001025
0.007776
0.008404
0.004318
-0.001655
0.010604
-0.002284
-0.00197
0.005888
0.007145
-0.000399
-0.006057
0.005259
0.018146
-0.001971
0.006201
0.00903
-0.009515
0.001486
0.0062
0.0084
-0.002915
0.003371
0.005571
0.004313
0.00117
0.005256
-8.8e-05
-0.00386
-8.8e-05
0.003683
0.004626
0.006826
0.004311
0.003682
0.006511
0.006825
0.003053
0.007768
0.012168
-0.002291
-0.005749
0.012167
0.019082
0.01531
0.008081
-0.010779
0.009652
0.01971
0.016252
0.009023
0.005879
0.016251
0.013108
0.010593
0.010907
0.005878
0.012793
0.01405
0.018765
0.014364
0.007449
0.015306
0.00179
0.009963
0.01782
0.01782
0.002733
0.016877
0.031021
0.002103
-0.009841
-0.004184
0.006503
0.001474
0.006188
0.004931
-0.005756
0.010588
0.001473
-0.012043
-0.014558
-0.0067
0.005244
0.001157
0.020016
0.006815
-0.02116
-0.048192
-0.023675
0.012157
0.0131
0.021901
0.007128
-0.016761
-0.000102
0.019071
0.012156
0.004298
-0.027134
-0.041593
-0.048823
-0.012362
0.007754
0.003668
0.008382
0.030699
0.051129
0.049243
0.047671
0.001781
0.001466
-0.004821
-0.044425
-0.024623
0.027554
0.068415
0.059928
0.028496
0.01498
-0.007651
0.026295
0.077215
0.070614
0.032581
-0.02934
-0.059829
-0.058572
0.011521
0.0857
0.034151
-0.044429
-0.023998
0.048609
0.083184
0.087899
0.062124
0.047665
0.035721
-0.01017
-0.055432
-0.072091
-0.055747
-0.0174
-0.001055
0.004288
-0.017086
-0.072407
-0.093466
-0.083094
-0.011429
0.064007
0.10424
0.091667
0.053005
0.003028
-0.054178
-0.035633
0.007743
0.013714
0.005542
0.002713
0.027858
0.043888
0.009313
-0.05858
-0.114215
-0.081526
0.036972
0.124667
0.070918
-0.008919
0.011826
0.12498
0.236878
0.264223
0.181243
0.076574
-0.00672
-0.002949
0.084432
0.098262
0.047027
-0.034067
-0.020552
0.030682
0.069029
0.148551
0.138179
0.040739
0.001764
-0.012067
-0.01521
0.047339
0.090715
0.056769
-0.024955
-0.079646
-0.025898
0.109888
0.123089
0.06494
-0.030299
-0.160742
-0.100393
0.016534
0.060852
0.105485
0.072482
-0.050417
-0.154143
-0.151628
-0.026215
0.074681
0.099198
0.045134
-0.004842
0.022189
0.041048
0.054878
0.08128
0.148544
0.204807
0.163945
-0.007673
-0.133715
-0.08091
0.085679
0.269241
0.37108
0.31136
0.08945
-0.130888
-0.16452
-0.029049
0.094793
0.12151
0.129367
0.162685
0.231521
0.298156
0.164885
-0.155721
-0.371659
-0.336141
-0.099459
0.245349
0.397165
0.22649
-0.115804
-0.404664
-0.316969
0.165825
0.499003
0.403764
0.111447
-0.13435
-0.107948
0.046068
0.105474
0.101388
0.039781
-0.056086
-0.019625
0.096987
0.069955
-0.047915
-0.101035
0.038837
0.176823
0.21014
0.211398
0.259174
0.501199
0.722794
0.656787
0.262316
-0.07212
-0.134355
-0.182132
-0.260397
-0.175846
0.04292
0.368555
0.524142
0.35221
0.024374
-0.2736
-0.330178
-0.050434
0.545829
0.76711
0.382383
-0.095697
-0.259143
-0.101041
0.096666
0.211078
0.23528
0.144442
-0.028748
-0.168621
-0.167049
-0.066782
-0.002975
-0.040379
-0.104501
-0.047609
-0.004233
0.023427
0.173985
0.163927
-0.241859
-0.570009
-0.333327
0.381121
0.872087
0.684752
0.088175
-0.596413
-0.925191
-0.651105
0.099803
0.768989
0.812679
0.195356
-0.612759
-0.921106
-0.451514
0.460326
1.117253
1.031758
0.305995
-0.565298
-1.095555
-0.814554
-0.083762
0.437379
0.529789
0.226785
0.076854
0.437378
0.956633
1.148368
0.993722
0.677203
0.270159
-0.045417
-0.095394
0.06208
0.284932
0.139087
-0.327048
-0.529784
-0.426059
-0.097282
0.452148
0.788155
0.680029
0.388969
0.385826
0.779039
0.956943
0.529155
-0.309449
-1.105934
-1.514234
-1.164397
-0.157634
0.72466
0.791924
0.172087
-0.537961
-0.843793
-0.549591
-0.308508
-0.265447
-0.022478
0.400281
0.969512
1.268744
0.901305
0.015239
-1.070734
-1.599733
-1.08865
-0.013365
0.821781
0.829324
-0.09446
-1.227266
-1.511411
-0.936207
-0.038826
0.862012
1.493793
1.560115
1.150242
0.90193
1.041487
1.064747
0.677191
0.092872
-0.294684
-0.410039
-0.491763
-0.453416
-0.342147
-0.135954
0.388644
0.641985
0.211054
-0.533254
-0.812055
0.017747
1.526164
2.251298
1.255849
-0.505595
-1.771359
-1.862826
-0.631324
1.119434
1.711925
0.743193
-0.772139
-1.766645
-1.457041
0.159187
2.124625
3.154334
2.526953
0.441131
-1.647834
-2.293446
-1.258393
0.052317
0.651095
0.509651
-0.203539
-0.767742
-0.603039
0.0344
0.578486
0.826169
0.716472
0.223305
-0.539548
-1.311202
-1.019199
0.697926
2.080301
1.746808
-0.384276
-2.824335
-3.120424
-0.98934
1.51484
2.675934
2.256947
0.825223
-0.809551
-1.687445
-1.457049
-0.216746
0.845338
0.865769
-0.071217
-0.713685
-0.102649
1.21089
2.222055
1.64025
-0.096049
-1.670159
-1.916586
-0.799182
0.568735
0.59388
-0.718402
-1.791802
-1.000347
1.393507
3.400749
3.576139
2.115183
0.5219
-0.587961
-1.053468
-1.198998
-1.52369
-1.753143
-1.471514
-0.940314
-0.120885
0.794412
1.208056
0.200663
-1.171654
-1.742144
-1.322842
0.241838
1.232886
0.645423
-1.131423
-2.479852
-2.293775
-0.774357
1.09867
2.15384
2.01271
1.075096
-0.048909
-1.035872
-2.046722
-1.804697
0.263209
2.249077
2.925805
1.768482
-0.118061
-1.05599
-0.640774
0.942765
2.542649
2.850053
1.972788
0.397106
-0.365118
0.312868
0.821751
-0.113035
-2.396249
-3.543828
-2.301011
-0.065259
1.584288
2.352798
2.754497
2.414404
1.828513
1.135125
0.189652
0.572179
2.696033
3.153052
0.358127
-3.403645
-5.805986
-5.00353
-2.698942
-0.652096
0.920757
1.423667
1.28851
1.24419
1.496903
1.769732
2.218579
1.820651
0.732792
0.011115
-1.03431
-1.169154
0.369124
2.790324
4.158555
3.156505
0.449275
-2.476408
-2.346594
1.668203
6.702967
7.18136
2.638506
-2.574791
-6.137599
-5.856598
-2.772184
1.21904
4.408121
4.516876
2.513091
0.409667
-0.41322
-0.511917
-1.884234
-3.101907
-2.741069
-1.400498
1.766896
5.523952
6.370727
3.656582
0.062028
-2.416064
-2.456297
0.397091
3.966499
5.21246
2.83495
-1.2622
-2.998813
-1.481595
-0.019069
0.225157
-1.27666
-3.464635
-2.320828
1.222177
5.175997
9.336639
10.617489
7.237615
1.247007
-4.294754
-6.792962
-5.038433
-0.777209
4.418171
5.967136
2.768939
-0.939399
-4.231263
-5.083382
-2.071262
3.644631
7.612281
5.715364
1.269949
-0.917712
-0.276816
0.486351
-1.596957
-3.483186
-2.508168
-0.907341
0.861647
3.758412
5.288831
4.378248
1.581122
-0.74924
-1.016411
-1.628391
-2.706506
-3.103491
-1.771721
0.689712
2.302169
0.942424
-2.439964
-3.06546
1.286603
6.4999
8.543602
5.428385
-1.599476
-8.452891
-10.617607
-7.380434
-3.458989
-1.894309
-0.547766
1.26837
0.592269
-1.004472
-1.691888
-1.519641
-1.337022
-1.729293
-2.038583
-1.26693
1.105551
2.733724
0.751941
-2.871844
-5.419715
-4.543079
0.423163
6.905051
10.642934
7.998882
0.737167
-6.260206
-8.457925
-6.168425
-1.42315
3.070356
4.475048
4.246224
2.615222
-1.655747
-5.457751
-7.134958
-4.924981
0.31189
4.916665
7.408273
5.297934
-1.867914
-10.355788
-14.02955
-10.920619
-3.168253
5.759982
10.291206
7.747735
0.267254
-7.296207
-10.210888
-7.192796
1.07191
8.047594
7.317117
-1.006997
-10.545954
-11.581636
-2.669746
7.549083
12.871449
11.756244
4.470327
-2.217127
-1.681842
3.215878
3.728533
-2.317396
-8.581148
-9.185898
-4.328096
0.564281
-0.444055
-5.37195
-7.542324
-4.518574
1.631708
5.90519
6.729335
7.428695
6.352466
1.996003
-2.428982
-4.033582
-1.12613
4.192149
8.100079
7.059054
2.097526
-4.12505
-10.668545
-13.770561
-11.138453
-4.708113
3.51479
8.945281
7.538388
0.217582
-7.447719
-7.606136
-0.384969
8.800693
14.519729
12.765828
7.682031
5.258316
4.737803
2.388267
-2.939442
-5.499571
-1.74943
2.781165
3.072539
-0.378685
-5.541691
-10.1955
-10.348574
-6.788596
-2.184764
2.710442
6.574367
7.782609
5.078207
-1.849072
-8.513581
-8.845502
-4.041134
3.97526
9.219675
7.002782
1.006516
-4.095513
-5.759518
-3.295885
2.607656
7.192001
7.474573
4.28832
0.11259
-3.535712
-2.989111
1.803941
4.216969
4.419704
3.453173
0.195569
-3.63441
-5.905051
-5.916053
-4.053712
-2.147995
-1.996494
-1.448007
1.181901
3.91962
3.454428
0.727395
-1.231757
-0.788252
3.304497
7.950762
7.577036
2.728035
-1.841851
-3.931445
-4.005624
-2.448802
0.724564
-0.08858
-6.906476
-12.044337
-8.29231
0.860663
6.845927
6.256264
-0.269629
-7.596408
-9.98492
-7.481997
-5.108573
-3.985197
-1.720214
1.079427
5.5327
9.919966
10.593866
8.484156
4.427867
0.189588
-3.931136
-5.581311
-3.519064
-0.262089
2.567411
1.917085
-2.394117
-7.527262
-10.436286
-7.001721
0.721099
7.103663
8.180835
2.663277
-5.418183
-11.493028
-9.184983
-0.973082
4.660145
4.389516
-0.015352
-2.19107
-1.909754
-1.504283
-1.03249
-2.166868
-5.590118
-7.962284
-6.231958
-3.081852
-2.367719
-5.87332
-9.145068
-7.340562
-3.1246
-0.303272
0.286705
1.69674
2.730536
-1.317581
-7.951286
-9.807341
-4.84047
4.057904
9.529257
7.719093
2.416529
-4.100564
-8.404221
-5.488283
4.491034
11.4246
9.043947
1.92839
-2.860576
-1.442369
1.780031
1.745455
0.277585
-1.529436
-1.185571
3.051451
5.700846
4.550438
2.628376
2.97507
3.744209
2.783335
2.689353
2.973183
1.096069
-0.59874
-2.575807
-5.551466
-6.585262
-5.661164
-3.409068
-0.471127
0.535322
-1.839987
-6.548488
-9.410364
-6.179164
-0.431524
3.501551
4.203739
3.966743
2.232958
-3.441131
-9.559039
-10.047176
-2.925963
6.711062
12.520622
10.99083
4.318149
-2.520806
-5.89125
-4.635546
-1.859479
-0.097092
3.378648
5.183783
3.70554
0.736167
-2.533381
-3.477281
-1.861053
0.451707
4.128298
9.09894
14.13559
17.092075
13.928138
9.139486
3.742313
-0.991648
-3.540148
-4.475876
-0.389413
6.448285
10.528461
8.97761
3.305722
-1.251591
-2.963374
-0.948274
0.807198
0.51331
-1.473502
-5.933062
-10.320643
-12.222902
-6.962143
1.510643
7.38181
8.568364
6.570237
3.029432
0.76382
1.837219
3.988419
2.324099
-2.749012
-5.1875
-3.751062
-1.617149
-1.053261
-0.641189
1.468207
6.950246
12.158828
12.481005
6.639698
1.490837
1.011185
2.659789
5.30667
5.425797
2.980079
2.31278
1.608705
-0.514207
0.964664
7.341571
11.709035
8.658253
1.356934
-3.693232
-3.792557
-1.608353
0.238271
0.992323
0.063824
-2.545025
-2.648122
0.849935
2.374068
0.675488
1.575697
0.782356
-4.450115
-8.866613
-8.900245
-5.127788
0.312762
2.227279
-5.701735
-16.199051
-17.561624
-5.556206
7.716862
12.016433
7.609364
-0.265273
-6.170072
-7.638571
-5.014007
-0.471153
4.254949
4.287638
-0.98035
-6.248025
-5.446197
1.46128
10.988921
14.39834
7.79701
-4.743695
-16.351814
-17.659068
-6.677386
8.874809
16.103206
8.832061
-6.219424
-16.023981
-15.603108
-8.926656
1.999391
12.800653
14.435113
9.251361
2.53059
-2.060984
-1.561217
2.756899
5.980241
3.52698
-0.555711
-4.31654
-7.664981
-8.877625
-8.561106
-9.222433
-10.353982
-10.57212
-5.712747
7.073441
20.782469
27.425603
23.868139
11.21648
-3.5166
-13.107734
-13.159283
-4.404552
4.86629
8.70947
4.98856
-3.559663
-8.525906
-8.550423
-2.717603
5.826219
10.913474
14.05415
11.674754
4.570513
-1.287138
-2.339479
-1.624403
-1.30254
-2.464893
-2.419002
3.343096
10.340782
17.146105
20.299669
18.889319
15.690807
12.294274
9.092934
6.042467
5.439288
8.135517
10.594121
6.944247
-1.526967
-7.697366
-3.992173
5.901336
15.36737
21.230365
21.382809
19.674484
16.553924
9.027238
-1.031288
-6.740267
-5.042629
3.939354
12.480976
12.253094
2.851809
-6.528103
-8.713564
-1.729079
11.122173
18.170465
18.995552
17.768764
16.425678
14.871056
12.665164
10.150611
4.91374
-1.287148
-7.36608
-12.785256
-14.196235
-13.385606
-10.069854
-5.249142
-3.63417
-8.112904
-15.87973
-20.489848
-20.687241
-19.058754
-19.329068
-22.584157
-27.225394
-32.300705
-37.765143
-43.409057
-43.609593
-35.073943
-24.950039
-21.646231
-27.1289
-34.812116
-38.274342
-38.324633
-35.959382
-29.066992
-22.174288
-18.481982
-19.91622
-24.015885
-27.936073
-30.775004
-27.283861
-16.761086
-6.445133
-4.681488
-6.772968
-6.926985
-1.899136
7.405338
15.447507
19.15993
20.235216
20.579395
19.296344
15.910184
14.588472
21.65248
33.573346
43.620243
45.081198
34.836909
22.188707
13.252614
9.638258
15.495909
29.314635
42.503779
47.338322
45.852221
44.065316
45.254699
47.900323
49.511523
44.713127
30.047939
12.750329
2.577705
2.040219
7.131874
13.529526
18.164475
18.691588
18.684044
20.898737
23.084826
22.289913
19.021936
16.624939
15.010595
15.033541
15.616917
15.196043
12.353655
6.320614
-1.495246
-9.805529
-16.366627
-19.28288
-18.671529
-17.556325
-17.509806
-16.99338
-15.827571
-13.319619
-13.948257
-16.914487
-18.312579
-18.437049
-19.03677
-20.653
-19.153698
-18.195653
-22.791627
-29.695647
-35.168572
-37.138724
-31.434461
-19.152756
-3.866789
9.926163
21.954841
27.750257
24.723992
15.091682
4.961491
0.052141
-0.417138
4.705006
10.765393
9.798233
0.470813
-12.025887
-25.535009
-29.165081
-20.532306
-8.729623
-1.792601
-0.868188
-2.509563
-5.911753
-6.64726
-4.310612
1.16577
7.410033
9.356297
4.322476
1.291811
8.436599
16.652272
22.379794
24.847199
19.687336
5.779029
-14.43892
-30.658415
-37.799117
-35.072085
-28.109602
-20.437073
-15.977199
-17.342601
-16.503055
-18.947829
-26.617216
-34.299804
-32.631084
-20.433302
-7.164007
1.836207
2.034856
-0.590337
-1.070303
0.464203
2.148639
1.312236
2.538709
4.463599
2.654692
-0.883284
-9.499715
-21.210617
-31.871378
-35.361893
-29.444207
-17.852746
-5.906734
2.170324
7.004238
6.543446
4.888555
1.851918
-4.412148
-10.949043
-13.881012
-11.005621
-0.163183
14.537837
28.647308
38.600537
37.501048
28.854443
17.791039
11.44745
11.128101
13.979919
18.445764
17.134111
9.926773
0.65813
-10.053865
-15.881028
-11.495019
2.787642
19.647719
31.064418
35.553838
35.296725
32.267945
25.285032
14.479683
3.556465
-4.138068
-9.425544
-9.327163
0.301689
13.336503
20.459288
20.768892
11.994674
3.713937
4.523622
13.257922
25.046146
31.402307
25.905494
13.169283
2.637706
-2.812902
1.934574
8.415206
16.321903
20.158167
13.408164
0.388752
-10.826469
-17.444459
-18.777486
-11.187937
0.814339
9.812352
11.394006
11.445239
5.183688
-4.16102
-8.270114
-8.527856
-10.041303
-12.516566
-12.518452
-10.064563
-6.770184
-5.137297
-4.509602
-8.182421
-18.638247
-28.082593
-35.063621
-43.432997
-50.006981
-49.761498
-42.429376
-35.729665
-32.983773
-35.901912
-42.150576
-47.764945
-45.403151
-31.423808
-11.694311
5.857897
14.467412
13.365094
4.577989
-6.840597
-15.447597
-18.462547
-13.947353
-0.778953
11.892822
14.161577
5.262888
-8.833382
-24.48616
-34.287887
-36.710659
-37.663675
-32.035792
-21.463982
-11.471149
-6.245908
-6.299028
-5.638958
-0.778013
7.246868
13.164868
16.971587
25.719402
38.425438
48.007456
46.0065
37.331921
26.044407
10.324679
-4.349938
-13.942015
-18.769328
-21.638434
-24.173732
-27.787459
-28.594316
-29.612396
-28.436529
-21.496048
-10.532283
-1.793269
-0.993641
-3.173445
-4.48667
-4.236158
0.558466
5.952496
11.975479
17.402827
18.107844
17.470405
17.173059
20.19618
23.357287
24.428487
22.307147
17.848844
10.452915
5.042225
3.305612
7.055753
14.815349
28.485402
44.704268
51.192443
41.287305
18.582463
-2.427256
-14.673129
-12.989951
-2.908479
12.466126
18.679272
16.076395
16.747152
20.142427
25.076922
23.820274
18.106581
12.922201
9.272956
9.400569
11.068661
5.499869
-4.189961
-9.424318
-7.757484
-0.243371
8.951406
18.352691
25.222763
27.3177
23.235638
13.903817
4.286909
-4.354353
-11.235741
-14.591098
-17.48252
-21.533779
-26.030743
-31.47035
-33.228023
-29.207567
-17.840845
-6.876451
-1.052747
-0.717683
-1.062806
0.91049
4.961434
12.650309
17.936527
19.266097
11.568736
-3.736405
-22.597439
-35.655827
-37.444932
-29.491715
-21.083993
-17.734294
-19.223853
-23.701643
-29.017094
-34.420869
-38.4715
-40.714481
-36.844584
-24.819678
-9.364607
-0.194661
4.355108
4.22938
3.398949
9.01866
14.28382
10.944493
0.975548
-11.86816
-18.247896
-15.443227
-1.207399
13.24185
17.351573
13.508393
12.519544
17.729384
20.536567
18.19929
7.128971
-6.267311
-20.732277
-34.860922
-45.672242
-42.189901
-26.539952
-7.33474
6.180354
8.56415
-1.295098
-18.334338
-34.318094
-42.235479
-44.152511
-46.850941
-50.677462
-56.075265
-56.76991
-51.271526
-41.071557
-32.058456
-23.02021
-9.970309
10.438117
33.198908
55.441386
74.307134
82.614902
74.593478
58.446904
40.423846
28.014212
27.517588
30.802851
30.728672
20.686804
10.462317
8.612863
13.788756
27.279961
46.670622
67.152599
90.668698
112.110291
120.292646
108.072861
82.855352
54.24634
28.37599
3.13365
-25.343034
-55.296704
-82.446647
-102.326703
-115.666092
-113.948967
-91.398771
-59.65914
-36.280398
-26.992897
-24.737343
-17.701624
-10.097931
-11.66544
-15.847457
-13.944883
-5.996067
1.854681
4.565055
3.588151
2.509722
6.484916
19.371056
36.310342
48.004271
51.107229
52.245378
48.237495
45.748402
47.773245
49.129532
51.235155
45.085816
33.660316
17.371984
2.124049
-5.78642
-3.686769
-0.774602
0.63889
-6.606794
-26.118783
-45.897313
-63.576507
-66.777533
-59.359602
-38.964692
-24.947631
-18.434624
-16.895718
-22.679505
-27.714268
-21.075535
1.826699
21.396208
36.532245
24.665126
-10.339023
-45.110262
-72.398505
-86.528093
-84.307114
-74.23853
-65.454254
-60.342168
-51.675132
-34.673297
-7.380025
30.121704
73.438336
107.855965
116.466737
97.008812
62.224686
28.593797
10.783218
22.60476
35.700552
30.475625
2.045774
-28.60034
-51.732028
-52.60332
-37.765258
-21.982981
-2.536057
12.897012
25.832501
24.847425
18.452287
10.210526
5.138358
9.310315
20.173498
22.879471
23.398726
17.420691
4.626016
-9.878554
-17.955613
-20.121586
-18.806161
-14.260478
-19.163542
-20.16622
-10.473247
12.310174
36.597298
58.278088
68.085159
63.205354
49.013531
31.461637
14.212432
1.419958
-3.055318
-2.286494
0.155137
1.430329
0.261376
-5.499465
-9.246149
-12.648025
-12.282158
-5.390397
3.46523
11.054151
13.503011
11.350867
7.765743
1.704727
-7.654439
-18.259252
-29.452785
-40.159437
-40.733699
-34.286385
-29.00991
-24.611957
-19.22327
-5.954603
6.661852
9.937686
0.162989
-11.20059
-13.069532
-9.250555
-3.26089
-2.90288
-8.741673
-20.18226
-26.388177
-29.735676
-33.782535
-37.758043
-38.336076
-32.177936
-18.98502
4.08066
28.617039
52.292498
63.594785
59.123909
41.969629
21.164846
5.022358
-3.167855
-3.922221
-2.76427
3.397013
13.990825
22.479327
25.201959
25.985242
25.978327
25.60743
20.099301
10.824058
1.758466
-9.321598
-13.005104
-5.949897
6.464765
21.145354
28.718559
23.892817
16.072557
13.365326
7.144636
-1.544087
-9.166012
-14.865561
-19.181791
-26.011003
-30.867548
-38.894316
-49.001247
-57.223207
-54.94125
-36.675224
-9.060403
19.528493
30.433166
28.178554
17.984871
-2.197246
-11.241465
-6.821509
4.521639
18.840446
23.27266
15.081818
6.898834
6.583257
11.421885
17.36346
17.389548
8.841953
-3.907773
-13.527825
-14.001818
-11.258441
-12.066556
-10.832539
-11.112283
-7.342654
0.730318
7.141485
12.008088
16.138555
16.744248
11.499519
6.567851
0.757662
-1.841443
-3.008824
-6.308861
-13.976676
-23.251919
-27.325181
-27.677533
-20.892012
-5.3175
8.496197
18.212115
26.566088
29.452481
26.596263
18.801148
7.15311
-5.150284
-21.432643
-32.514278
-34.07833
-33.952603
-26.580877
-15.307822
-2.518177
10.483319
14.107418
6.086937
-3.483452
-2.045128
3.996086
7.017635
5.85434
-0.283684
-2.900391
0.308807
8.790708
11.467764
4.151986
-2.348448
-2.08882
1.302369
0.215767
-3.409275
-7.240197
-7.483795
-9.739978
-16.87125
-25.711475
-32.976334
-35.298838
-32.826404
-26.95398
-19.098517
-7.992994
-1.343887
1.97878
4.758304
9.351449
14.160846
20.700569
32.459876
41.288471
41.244781
31.016208
20.994771
17.30215
20.569182
25.534167
28.393528
22.212128
11.249305
5.146485
2.642933
3.371524
3.030488
-2.930889
-11.860067
-15.834632
-9.967552
4.314481
19.87862
27.943734
25.353745
18.329969
7.246763
3.615748
11.354599
21.62309
31.269858
31.765853
20.32118
4.080625
-12.528941
-23.344034
-25.271439
-22.056897
-14.462633
-5.938613
-2.761476
-2.794165
0.7743
5.557294
9.212511
7.158121
-0.641709
-7.335449
-10.186009
-11.232063
-18.09145
-32.117941
-44.888413
-51.368416
-51.131734
-48.084724
-40.893417
-29.483634
-14.455408
-0.233725
11.067619
19.347098
19.392046
17.103174
14.924628
11.511436
2.76865
-8.467002
-21.170838
-30.727711
-36.767039
-40.676226
-38.904409
-34.049122
-25.434264
-14.25739
-2.374556
5.49788
10.1212
10.658371
1.977191
-13.392071
-25.805791
-30.608902
-28.436642
-22.292018
-16.802435
-18.746813
-23.213917
-25.864884
-20.174137
-5.152512
7.870672
19.034973
24.70969
29.838435
37.686669
42.568988
40.366239
33.305374
27.357827
21.577184
16.776274
13.772011
14.183141
18.55249
19.592258
13.310904
1.517651
-9.379165
-14.539971
-8.858967
5.221901
21.01235
34.899597
41.159577
34.891739
19.686237
3.986625
-4.671924
-1.503273
5.227871
11.438188
11.977874
6.168942
4.691013
8.224903
11.153099
14.939702
17.921647
18.46479
17.899958
16.269899
14.912669
19.08557
24.891986
26.691778
22.095175
10.188452
-1.784907
-9.035935
-10.842956
-8.074119
-4.08038
-7.380103
-13.736264
-21.466629
-25.783802
-24.617678
-24.101881
-23.604628
-22.067608
-20.162834
-14.863414
-5.57277
5.302357
16.898532
23.295241
25.249362
28.038002
31.361926
29.025592
20.182537
4.444264
-14.42557
-31.658745
-42.499926
-47.596925
-47.744026
-44.821487
-41.037714
-36.198143
-33.59118
-33.343183
-30.287687
-16.325003
1.696798
16.178737
18.873395
13.53437
7.795846
3.255191
3.747415
6.147241
6.444273
8.023726
10.522877
6.542968
-0.44026
-9.169217
-14.140174
-11.839672
-8.515119
-7.138716
-6.943524
-5.940217
-4.635165
1.345071
13.776706
26.311438
31.622488
29.641649
24.035138
16.728476
9.750277
2.894662
-3.021138
-7.192467
-9.161363
-10.151468
-10.59403
-9.390187
-2.09044
11.181056
26.930015
39.546784
44.269743
40.517716
30.275313
22.266461
17.539101
11.388505
-1.160687
-17.564059
-34.560866
-43.966551
-39.27691
-28.855345
-21.010255
-13.779029
-3.192761
9.514218
24.237868
36.396674
43.571008
46.392336
42.282928
32.890758
20.769355
7.65879
-3.37884
-11.489531
-18.048429
-22.781132
-23.0131
-20.051271
-14.934784
-10.866238
-3.44925
5.129776
7.213398
7.243258
3.958623
-0.215221
0.498597
6.641021
12.828393
13.068533
7.802744
0.110726
-7.468451
-14.619525
-18.39607
-17.164253
-12.698722
-4.724446
2.930482
7.882579
11.341661
11.181358
9.578016
9.537469
12.050136
15.800591
16.541127
11.488761
5.525498
2.132738
-2.202038
-5.063599
-8.837943
-15.668727
-22.680558
-22.558917
-14.631789
-5.086546
3.260513
3.722247
-1.793425
-6.740808
-8.190762
-3.742204
3.974016
10.458419
12.271412
7.3234
-4.708736
-20.889885
-32.46563
-31.295106
-16.06603
2.264432
14.989956
24.76308
32.239475
38.723249
42.110352
35.028742
20.760854
6.247483
-3.806958
-7.967915
-6.459183
-4.888531
-8.114074
-14.462691
-18.213147
-15.324241
-7.11674
1.78132
8.112964
8.432627
3.370831
-4.00121
-11.858245
-18.503266
-27.821885
-38.250679
-47.699427
-50.663771
-48.069381
-34.71239
-16.155618
-1.501746
7.500039
9.233194
6.62466
2.898092
3.111829
9.74742
19.438821
21.831732
14.988376
1.811175
-4.565731
-0.583937
10.605824
20.022196
23.043745
21.822301
15.148048
7.074447
1.649299
0.888647
1.878437
2.29711
1.226539
-2.280005
-9.922675
-19.459117
-21.858944
-11.839708
6.017075
19.63998
19.278199
11.315552
2.054768
-4.7603
-3.462476
-0.848599
-0.169355
0.480971
0.180482
-1.882395
-3.450848
-4.261163
-5.472549
-1.260673
2.761669
4.278573
1.937524
-2.463258
-0.329346
3.929992
5.562565
4.899352
1.746416
-5.109827
-10.830121
-14.827003
-15.725641
-11.578829
-6.103391
-2.457289
-3.306265
-5.007989
-3.779316
3.549034
13.141111
20.656166
25.653212
26.90263
23.221638
17.213743
9.332819
0.270056
-7.475711
-16.027706
-26.382635
-34.958832
-37.461127
-31.699344
-15.966414
3.150474
18.016197
21.002228
16.981144
10.823632
7.018484
10.138416
17.117557
21.014486
18.020596
8.42789
-5.922978
-18.098758
-25.357644
-26.933012
-26.152558
-22.115443
-17.319876
-12.667011
-4.38093
5.077561
12.949683
14.067716
7.868399
-0.578613
-5.606147
-5.931468
-6.753098
-12.805942
-24.217926
-30.182446
-28.193121
-23.559743
-17.16272
-9.868631
0.441979
15.881963
29.209722
36.591192
36.127571
31.612062
26.501862
19.666678
13.653439
7.872167
0.73838
-5.084068
-9.313546
-11.295643
-9.981475
-6.374349
0.645654
6.656379
12.080898
13.99573
12.909757
6.950895
7.519184
12.976706
17.100887
17.462354
12.497055
6.364374
-1.781835
-7.098228
-6.117239
0.297386
8.822977
21.700632
30.225909
33.5008
28.28153
18.136566
4.085244
-6.264028
-9.414448
-8.281014
-6.776997
-11.537675
-16.941135
-20.946189
-24.994306
-26.187461
-19.645537
-8.589677
2.12389
6.461179
8.16416
7.480202
5.379292
3.091363
1.900408
1.068405
0.633073
-1.051992
-4.30991
-8.902113
-10.940472
-8.365256
-4.154952
0.443223
3.725971
8.637522
12.872972
15.223764
13.963659
12.665835
13.159001
13.094251
9.53773
2.380055
-5.268901
-11.203246
-15.83411
-19.790759
-23.540272
-27.167515
-27.385967
-23.660972
-17.139164
-10.317497
-4.258682
-1.524105
-3.234002
-6.332245
-9.131886
-10.592842
-12.055997
-12.740899
-11.206393
-7.923644
-1.364119
6.602613
12.415631
13.812779
9.968656
4.17544
1.473867
6.112274
13.782918
18.307227
15.992581
5.964543
-7.471656
-17.953885
-22.10887
-18.945562
-9.041052
3.974588
16.250321
21.805911
20.12619
13.121588
7.216789
3.729732
0.46207
-2.492844
-4.683963
-6.857165
-7.062416
-3.067106
6.951502
17.494708
22.514384
19.718201
8.83993
-5.663383
-20.553309
-26.227398
-24.643544
-16.624006
-9.435528
-7.149485
-7.466633
-5.73725
1.053929
11.199521
21.513274
28.568167
30.255432
24.115522
14.566507
4.203091
-2.26214
-3.587938
1.354416
7.931543
10.676806
8.987655
8.624931
11.952941
15.193886
14.834304
9.941927
7.846361
9.540541
7.656198
2.045601
-7.758641
-18.373827
-25.912771
-30.096045
-30.569095
-26.524751
-15.289414
0.07859
18.60173
32.089478
35.155661
26.26703
11.888187
0.224119
-6.153102
-4.616396
-1.922996
-4.330995
-9.261405
-13.495598
-14.709184
-14.431641
-13.123759
-7.798879
-0.283195
4.824491
3.287785
0.269064
-3.679728
-5.051731
-4.354257
-3.355037
-1.874594
-3.811429
-7.579801
-11.141037
-13.225916
-12.130828
-9.496205
-10.597265
-12.423774
-13.875929
-13.161481
-7.798569
0.046208
4.675814
4.928212
1.757675
-1.100744
-2.086134
-3.686962
-5.846649
-6.361504
-5.932773
-8.093717
-9.681028
-9.299131
-4.433785
3.353156
10.931704
15.204873
15.75556
13.755547
10.619585
6.986684
4.553225
5.619081
7.472621
8.619885
5.414459
-1.215475
-7.770286
-10.401451
-8.626177
-4.491938
-0.603496
3.015574
6.928847
11.167125
15.346312
16.818583
14.003855
8.394516
4.624572
2.886073
1.446491
-0.568924
-0.764745
-0.089273
0.94075
-0.254605
-2.731126
-3.548356
-0.914362
4.086455
7.729728
7.946608
3.024999
-3.406285
-7.003982
-5.334947
-1.016203
5.076559
10.639378
15.780382
17.749905
15.173117
10.863487
5.198199
1.447743
0.060652
-1.972678
-5.612179
-6.428466
-3.595823
-0.353936
1.599872
-0.254611
-2.790538
-2.98573
-0.679885
5.267346
13.591774
19.003092
17.135722
8.765717
-2.022658
-11.51101
-16.73908
-15.729801
-12.240545
-8.855642
-6.959984
-4.75315
-2.282602
1.557435
4.999858
5.596435
7.102967
9.415726
10.355226
9.936238
8.34987
5.209507
1.09947
-4.744037
-11.445321
-18.826477
-24.634466
-24.721533
-18.689435
-11.657487
-4.881396
1.592321
4.772601
5.172729
4.192996
4.329411
5.907921
7.554953
9.277422
9.586397
8.139272
5.636977
0.65659
-4.556393
-8.394544
-10.55203
-8.847792
-4.635288
0.368358
5.275823
10.099049
13.907654
14.834266
12.103776
5.653319
-2.270667
-8.102544
-9.077248
-6.885186
-5.576047
-6.204686
-8.695036
-11.005911
-10.208483
-7.23471
-3.718108
0.453221
5.060196
7.851349
7.546145
4.576772
1.104174
-1.019994
-0.877608
0.984104
2.273126
2.344477
1.420693
0.347293
-0.82889
-2.282616
-2.879194
-1.920835
0.656896
3.081868
5.409715
8.116631
9.396224
7.051403
1.220783
-5.291909
-8.566172
-6.857848
-3.636705
-1.348148
-0.357414
0.705613
1.416602
1.92517
1.039105
-2.004762
-5.856429
-7.530493
-5.677582
-2.232016
0.881001
3.09475
6.894868
10.880749
13.175592
13.582321
12.960598
10.200876
7.129663
4.145517
-0.814439
-5.30103
-7.49152
-7.017527
-4.81195
-1.231541
1.313186
2.147075
2.240113
1.349018
-0.645337
-5.567575
-12.153504
-18.276755
-21.426861
-21.977234
-20.454672
-17.425265
-13.596858
-7.988777
-2.857832
-0.582161
-3.211755
-9.675728
-16.20508
-18.535127
-16.888095
-14.421005
-13.818455
-13.857745
-12.468769
-9.314263
-6.370036
-4.509267
-2.132072
1.711737
5.589492
7.784067
8.236058
7.860447
10.294534
12.869121
12.685873
9.015568
3.093167
-2.62304
-5.411366
-5.888188
-6.336093
-4.404602
0.765004
7.927708
11.916732
11.439595
7.796951
4.635529
4.99951
5.89532
7.426054
7.958196
7.66305
5.176471
-0.540365
-5.778494
-7.521708
-4.579367
0.478656
3.694141
3.443314
1.754163
1.504907
1.772393
0.295721
-0.046572
-0.523709
-0.78428
-0.093407
0.906442
2.474894
2.81373
1.348689
0.778514
1.628432
3.211343
5.921402
8.110321
9.669343
9.467236
7.941216
4.419585
-1.515075
-7.930328
-12.883998
-13.252066
-8.658607
-2.309989
3.472854
6.659735
8.091459
8.440667
8.944835
8.976266
6.573925
2.959255
-0.612982
-3.343472
-4.442961
-4.2704
-3.221832
-1.413868
-1.199188
-1.768106
-1.560342
0.212732
1.283617
0.880031
-0.658875
-3.667852
-6.392371
-7.705596
-6.998064
-3.479262
0.318342
2.097073
3.747563
4.884769
5.200345
4.388773
0.360145
-5.817169
-8.979848
-6.738753
-1.320835
2.260517
3.164499
4.101484
3.995558
2.51983
-1.194794
-4.215087
-2.750045
0.221842
1.825498
1.068303
-1.259859
-4.98517
-9.208362
-13.438154
-15.986654
-14.509669
-8.346185
-0.606706
5.160736
8.008467
7.48764
6.528338
4.236008
1.434482
1.834295
4.74489
7.142516
6.040513
0.49278
-6.185872
-9.971847
-9.820659
-6.605489
-0.461808
6.014737
10.019477
9.179931
4.691768
0.979973
-1.069388
-1.074103
-1.889133
-5.32024
-10.95001
-15.010071
-16.391818
-14.335857
-9.220627
-4.020532
-1.301043
-1.999146
-4.048821
-4.612396
-0.921347
4.707794
9.047598
9.170811
6.688947
5.177701
5.495477
6.918085
7.546409
6.912427
6.378399
5.713299
5.634719
6.920284
9.190297
9.533847
7.158852
3.335159
-0.516193
-2.658592
-1.365169
3.205973
8.053717
11.727164
11.992764
10.514521
8.550969
7.785916
7.7702
8.143611
7.61084
4.629837
-0.431644
-5.925314
-8.827737
-9.342592
-9.084222
-8.184326
-5.116258
-0.375697
5.224527
8.428696
8.212444
5.3776
1.884885
-1.192299
-3.263977
-4.965701
-6.422884
-5.926575
-5.004677
-4.792512
-3.747086
-1.924036
-0.085583
0.75522
0.114323
-0.852208
-1.391266
-0.19591
1.850307
3.647583
4.293823
3.392984
0.953554
-0.547635
-2.495785
-5.24042
-8.111411
-9.027966
-7.55821
-5.477103
-2.120175
1.359966
4.350712
4.397231
1.86099
-3.267755
-6.807303
-7.396651
-6.184323
-4.078071
-2.968524
-3.472064
-6.13309
-8.873324
-10.582277
-9.385036
-5.356094
0.293164
4.711862
5.602956
3.399893
1.181429
1.069845
3.083688
6.365808
10.076973
13.212306
13.54297
12.173481
9.487939
6.001511
2.473907
0.555303
0.701775
1.380704
1.711996
1.431938
0.789784
1.383218
5.580007
11.160114
14.185435
13.061116
9.456818
5.172962
1.654788
-1.142023
-2.647927
-4.637253
-8.369164
-12.341843
-14.106117
-12.090388
-8.421027
-4.324506
-1.383108
0.223377
1.324122
2.088232
1.199337
-1.318045
-3.819397
-4.210724
-2.659874
-1.505066
-1.86559
-2.661761
-0.737499
3.75695
7.747859
9.382319
9.145636
8.055577
6.952631
6.280617
5.388579
2.997553
-1.333136
-4.577224
-3.171275
2.152034
8.03483
12.001852
12.441898
10.037671
6.980289
5.774246
5.034339
2.642999
-1.361742
-7.607891
-13.58907
-17.932961
-19.549818
-17.18111
-11.113494
-3.104328
4.101123
7.728051
7.022405
4.03543
1.237046
-0.683129
-2.11391
-3.481199
-5.532131
-7.766312
-8.349688
-6.301585
-3.45354
-0.3949
2.867103
5.918199
8.264905
7.92104
5.416859
2.34439
-0.977021
-3.519234
-6.444288
-9.060681
-9.874767
-6.648596
-0.145648
6.411363
11.732157
14.710645
15.979551
13.136848
9.096904
4.470127
-0.357186
-4.572206
-8.895352
-11.294235
-12.870546
-12.354434
-10.66214
-5.673896
1.428773
9.366274
15.348081
16.715683
14.748045
10.322432
6.068122
0.294394
-3.550986
-6.629428
-7.277869
-6.793503
-6.194725
-5.643724
-4.868928
-1.217168
2.263287
7.333254
8.555327
10.074745
10.817795
11.098168
9.58975
5.944591
1.194286
-4.929279
-9.314031
-13.321915
-11.93451
-11.291414
-9.440074
-7.763496
-2.629722
2.761165
6.637348
6.155182
1.241117
-2.164845
-4.527582
-2.312576
-1.094589
0.243781
-1.574241
-3.991355
-7.448237
-9.242685
-8.09102
-4.906339
-1.098048
0.132825
0.617819
1.024234
2.833769
3.863164
3.472465
1.847749
-0.741612
-2.654244
-3.446643
-3.343547
-1.356736
1.006001
1.593463
0.12905
-1.335363
-1.586504
0.200714
1.377211
0.146651
-2.657076
-4.096658
-3.577088
-1.117541
2.369515
4.937816
5.424382
4.179364
3.091819
3.08899
4.130329
5.201214
5.780504
5.447326
4.682273
2.671259
0.30475
-0.924867
-0.180873
1.945495
4.251969
5.379431
5.700036
4.925554
2.087881
-1.769758
-4.258851
-4.796023
-4.916722
-5.435034
-6.115221
-6.315128
-5.262474
-2.922054
-1.77919
-2.466606
-3.955221
-4.480134
-2.972974
-0.689132
1.910601
3.601324
3.981021
4.041684
3.816632
3.782371
3.896783
3.678959
3.341695
3.168819
3.227282
3.351438
2.375477
0.223334
-1.35612
-0.871755
0.989957
3.554487
5.702229
7.172299
8.010903
8.119971
6.962962
3.895207
0.364146
-2.278021
-3.747148
-5.127952
-6.339024
-6.041679
-3.475892
-0.241863
2.212655
3.661352
4.517557
4.092912
3.507964
3.402981
3.907148
3.623318
1.972828
0.383945
-0.842529
-1.1053
-1.296406
-1.749969
-2.779678
-2.909492
-1.519888
1.529951
3.731441
4.161116
3.823851
3.49413
2.188134
-0.529155
-3.586223
-5.595351
-5.824176
-5.474653
-5.026749
-4.576015
-2.546771
0.954744
4.717458
5.832662
4.272067
0.866733
-2.898181
-6.057403
-7.696577
-7.500442
-6.833772
-7.224471
-9.070153
-10.005881
-9.119816
-6.46822
-3.094318
0.557441
3.475579
4.377361
2.446812
-0.892828
-2.535775
-2.023749
-0.66149
0.544866
1.054063
0.879302
0.537951
0.354703
0.319499
1.276914
2.751385
3.633679
3.911537
2.903201
1.20902
-0.06523
-0.624403
-0.556825
-0.901005
-2.025953
-2.933078
-2.736629
-1.071366
0.862953
1.687726
0.648587
-0.249737
0.131217
0.448994
0.044779
-1.54599
-2.221148
-1.513301
0.525372
2.713348
4.11301
4.815513
5.250531
5.072626
4.242823
4.0294
4.123067
5.055023
5.451694
4.667153
2.546756
0.184962
-1.127949
-1.418066
-1.841454
-3.630244
-6.319873
-8.694869
-9.668001
-9.37537
-8.188501
-7.202797
-6.21112
-5.155008
-3.808151
-2.789443
-2.814589
-3.265951
-3.387907
-2.358826
-0.611841
1.194236
2.122735
2.565296
2.861384
2.919533
2.10136
1.177262
1.43909
2.356587
2.993397
2.850382
2.627215
1.821301
-0.017152
-1.535942
-1.832974
-1.483137
-1.062264
-0.913277
-0.500262
0.352171
1.318702
1.793953
1.703429
1.359249
1.469889
2.289004
2.894069
2.754196
2.294976
1.532752
0.716779
1.004695
2.920784
5.643102
6.910751
6.346862
4.57756
1.970282
-0.636052
-2.028172
-1.916903
-0.627566
0.540758
0.735007
0.355624
0.251898
0.859477
1.395076
1.851467
3.111573
4.711457
4.964798
3.425891
0.758579
-1.920049
-4.152029
-5.797804
-6.187875
-4.969888
-2.57792
-0.34154
0.303443
-1.144311
-3.40678
-4.607165
-4.09734
-2.169935
-0.082856
1.207738
1.348552
0.983628
0.478202
0.211031
0.215431
0.062358
-0.377689
-0.512533
0.322927
1.697759
3.174116
3.989774
3.828842
2.090028
-0.863943
-3.584061
-4.86774
-4.942548
-3.810371
-2.20923
-1.3876
-1.438834
-2.405051
-3.101268
-2.841641
-1.775471
-0.607775
-0.423584
-0.973015
-1.002561
-0.580745
-0.586403
-1.274762
-2.182201
-2.725031
-2.791038
-2.872132
-2.758035
-1.960293
-1.413064
-1.604798
-2.228094
-2.878734
-3.025207
-2.466348
-1.590655
-0.455963
0.761394
1.598426
2.149113
2.920452
3.914329
4.500848
4.417553
3.676388
2.801009
1.914315
1.274047
1.043336
0.885862
0.767992
0.766735
1.192951
1.704977
1.714406
1.184464
-0.174023
-1.576201
-1.875747
-0.922418
0.439212
0.947466
0.65955
0.079316
0.165754
0.987698
1.652169
2.202541
2.687221
2.705451
2.285835
1.090794
-1.237997
-3.90248
-5.901236
-6.615369
-6.05871
-5.198105
-4.350072
-3.378512
-1.930758
0.055424
1.481804
1.9778
1.760605
1.373678
1.05433
0.679032
-0.053646
-1.31878
-2.205475
-1.902786
-0.709945
0.794386
1.492489
0.449892
-1.879527
-3.99961
-4.502206
-2.947899
-0.359167
2.302488
4.415026
4.566528
2.946213
0.967573
-0.104569
0.507095
2.07429
3.368971
3.655315
2.555198
0.256582
-2.398786
-4.036703
-4.604992
-4.962688
-5.931105
-7.253446
-7.646031
-7.008277
-5.921048
-4.795471
-3.659836
-2.277147
-0.734469
0.520922
0.852528
0.759489
1.10744
1.527056
1.253598
0.036869
-1.317847
-1.785554
-1.003528
0.30121
1.360151
1.457904
1.017229
0.491058
0.447368
1.516053
3.156169
4.213224
3.610989
1.185388
-2.082588
-4.022252
-4.239132
-3.636897
-3.523114
-4.430239
-5.894652
-6.777574
-6.233174
-4.539937
-2.605932
-1.492928
-1.67209
-3.33861
-5.501126
-7.089695
-7.166075
-4.832884
-0.902952
2.495466
3.852067
3.343498
2.018329
0.645383
0.141529
0.144358
-0.082267
-0.70619
-1.660778
-2.612851
-3.434167
-3.755401
-3.770803
-3.64539
-3.179569
-2.064051
-0.53866
1.159606
2.626847
3.705276
4.218559
3.769082
2.376648
0.508964
-1.588173
-4.248885
-6.782612
-8.53997
-8.956443
-7.976711
-5.945266
-3.403054
-0.630759
2.080557
3.747077
3.862118
3.125668
2.59604
2.648845
2.818892
2.601697
1.937226
0.903116
-0.023497
-0.587386
-0.051472
2.075526
5.143594
7.248589
7.280335
6.17016
4.558646
2.998051
2.294605
2.327608
3.051485
3.747701
3.055256
1.295697
-0.497493
-1.503944
-1.409334
-0.746121
-0.1464
0.465579
1.023181
1.350701
1.571982
1.801435
1.827837
1.178768
0.235496
-0.132572
0.127684
0.458348
0.964087
1.633587
2.280769
2.78368
2.795624
2.586287
1.831292
0.392339
-0.973378
-1.908163
-2.53303
-2.965533
-3.355917
-3.933322
-3.796279
-1.77175
1.111499
3.176576
4.168567
4.33547
3.996948
2.921034
1.979333
2.104118
2.406807
2.040939
0.625246
-1.470635
-3.356864
-4.717866
-5.506807
-5.244665
-4.318995
-3.671184
-3.470649
-3.226737
-2.421137
-0.854257
0.964393
2.048794
2.341425
2.497013
2.822962
3.138852
3.34976
3.720656
4.384812
4.983904
4.92104
4.038432
2.637826
1.27871
0.397044
0.180478
0.695647
1.31957
1.746416
1.724099
1.435239
1.597742
2.443575
3.330269
3.169966
2.181432
0.838975
-0.142016
-0.134158
0.452361
0.91001
1.127204
0.828601
-0.217139
-1.584113
-2.960203
-4.073521
-4.672928
-4.656269
-4.222823
-3.74663
-3.558039
-3.280495
-2.674174
-1.838714
-0.865896
0.170728
1.015618
1.830018
2.844326
3.607807
3.900123
3.596176
2.254034
0.080517
-1.896551
-2.989753
-3.155085
-2.936005
-2.43278
-1.258798
0.705067
2.331669
3.037943
2.839293
2.126417
2.089956
2.704764
3.217104
3.196988
2.863495
2.601667
2.422819
2.332923
2.204681
1.621305
0.972864
0.88234
1.402538
1.716857
1.496519
0.928858
0.152804
-0.404798
-0.362994
0.10817
0.337937
0.340766
0.704747
1.392792
1.660591
1.420766
0.83016
0.052848
-0.759981
-1.086873
-0.824417
-0.285046
0.35868
0.584046
0.169145
-0.485582
-1.004837
-1.473802
-1.921392
-1.914792
-1.101334
-0.113744
0.210948
0.038386
0.163799
0.645336
1.053636
0.95934
3.8e-05
-1.828671
-3.485133
-3.773678
-3.153526
-2.885098
-3.443958
-4.040221
-3.636007
-2.388475
-1.203177
-0.565738
-0.099918
0.849012
1.935613
2.47687
2.614541
2.81822
3.290641
3.432399
2.400804
0.215028
-2.54658
-4.71884
-5.268898
-3.692902
-0.766277
1.732874
2.779242
2.545074
1.995644
1.671895
1.870545
2.478752
2.887681
2.838647
2.528099
2.180777
2.03839
1.854513
1.774676
1.957923
2.350194
3.029751
3.753314
3.807691
2.667026
0.879493
-0.871893
-2.150543
-3.066784
-3.215457
-2.624852
-1.556481
-0.688961
-0.476167
-0.611638
-0.772256
-1.050114
-1.339602
-1.120836
-0.552548
-0.125388
-0.419591
-1.007368
-1.595774
-1.867974
-1.940582
-1.763935
-1.205076
-0.028894
1.674716
2.854041
3.171817
2.765088
2.033667
1.227124
0.586227
0.715098
1.267356
1.112711
0.301768
-0.386906
0.039625
1.647053
3.451559
4.282933
3.99533
2.900557
1.393711
0.372173
0.016678
0.299251
0.673919
0.56265
0.012905
-0.212462
0.356141
0.957748
1.362905
1.89379
2.464279
3.206072
3.68698
3.317969
2.594721
1.854813
0.883567
-0.497237
-1.415049
-0.826958
1.400621
3.978352
4.993288
4.272554
2.569887
0.51424
-1.499603
-3.283364
-4.376566
-4.024843
-2.91184
-2.251455
-2.447276
-3.337428
-3.812679
-3.428267
-2.264658
-0.982236
-0.264646
-0.319652
-1.166428
-2.139245
-2.863437
-3.137523
-3.114893
-3.25005
-3.80891
-4.807816
-5.789121
-6.234197
-5.717456
-4.20841
-2.253031
-0.423694
0.966853
1.881836
2.021394
1.223966
0.119763
-0.833253
-1.312904
-1.771811
-2.711939
-3.451532
-3.190962
-2.26875
-1.695118
-1.437691
-1.295933
-1.139717
-0.921894
-0.675468
-0.086434
0.895813
1.7121
2.153404
2.282903
1.812681
0.67736
-0.488449
-0.893607
-0.473991
0.389443
1.396522
2.429688
2.969374
2.765066
1.945951
1.054227
0.181991
-0.705332
-1.388033
-1.830595
-1.874914
-1.658977
-0.909326
0.313375
1.689778
3.123073
4.270338
5.009931
5.505926
5.690431
5.491781
5.085681
4.44887
3.506227
2.610103
1.87931
1.532931
1.833419
2.350474
2.650649
2.524292
2.045584
1.736294
1.926142
2.125106
1.860135
1.351566
0.870344
0.308655
-0.58024
-1.624094
-2.148378
-1.376411
0.520191
2.097444
2.509516
1.84976
0.829794
0.191726
-9e-06
0.2219
0.798047
1.019328
0.14112
-1.813631
-3.978347
-5.118383
-4.919419
-3.884366
-2.466473
-0.981001
0.064424
0.725751
1.200059
1.302527
1.059243
0.39603
-0.585275
-1.514088
-2.153413
-2.641237
-3.146348
-3.419177
-3.382087
-3.078141
-2.317803
-1.215172
-0.05282
0.696202
0.681743
0.047133
-0.980377
-1.965453
-2.333207
-1.803265
-0.772927
0.388168
1.469425
2.341661
2.990101
3.570334
4.061614
4.099647
3.715863
3.014931
2.269994
1.661787
1.224883
0.900191
0.444114
-0.100287
-0.364944
-0.238588
-0.039939
0.006895
-0.167553
-0.546622
-1.108939
-1.931826
-2.661047
-2.839266
-2.400477
-1.747008
-1.301303
-0.995157
-0.753131
-0.581827
-0.429697
-0.224447
0.054668
0.183853
-0.091805
-0.457673
-0.87226
-1.080968
-0.685869
0.267146
1.52788
2.579906
3.038497
3.135308
3.341186
3.416308
3.217973
2.674201
2.065364
1.353431
0.203966
-1.110517
-2.315931
-3.215827
-3.627585
-3.37393
-2.784896
-2.34925
-2.204977
-2.312161
-2.599763
-2.618936
-2.22981
-1.800764
-1.331172
-0.837376
-0.337924
0.100237
0.340062
0.275941
0.021342
0.025428
0.516395
1.380143
2.139224
2.377163
2.035812
1.316336
0.506964
-0.066355
-0.391361
-0.693107
-0.926018
-1.166472
-1.34092
-1.037602
-0.249604
0.934436
2.541864
3.878663
4.349512
3.9673
3.228336
2.69525
2.262433
1.801955
1.08185
-0.061329
-1.436476
-2.455498
-2.800307
-2.392949
-1.570691
-0.9826
-0.65728
-0.680854
-1.046407
-1.431134
-1.309179
-0.876676
-0.586245
-0.378795
-0.143998
0.026677
-0.036502
-0.66514
-1.597725
-2.176387
-2.102522
-1.422021
-0.732405
-0.451719
-0.681486
-1.189426
-1.777517
-2.509567
-3.406634
-3.843538
-3.299451
-2.2798
-1.551209
-1.463514
-1.925563
-2.228882
-2.07518
-1.621303
-1.079417
-0.698777
-0.527473
-0.763213
-1.011839
-0.802817
-0.408661
-0.124517
0.169371
0.463259
0.67071
0.786693
0.844842
0.807123
0.627018
0.454771
0.149567
-0.492273
-1.04736
-1.134113
-0.696581
-0.033996
0.524234
0.984083
1.212907
1.25094
1.187761
1.093465
1.097551
1.027144
0.657504
0.108388
-0.472159
-1.029133
-1.321136
-1.282789
-1.062766
-0.866317
-0.707586
-0.430985
-0.204047
0.011262
0.214312
0.096442
-0.275084
-0.641894
-0.944584
-1.090114
-1.303222
-1.644259
-1.756471
-1.527961
-1.251046
-1.192269
-1.295051
-1.486786
-1.648032
-2.099395
-3.001176
-4.139955
-5.060281
-5.310794
-5.036394
-4.529397
-3.755544
-2.908139
-2.141201
-1.850456
-2.048163
-2.155032
-2.039048
-1.464159
-1.033542
-1.050829
-1.533938
-2.337967
-2.791844
-2.505499
-1.540854
-0.296779
0.961754
2.010637
2.814665
3.455876
4.059997
4.602512
4.842337
4.54562
3.927982
3.33329
2.944163
2.688936
2.225943
1.563044
1.056362
0.899516
0.87437
0.746128
0.400062
-0.060415
-0.037785
0.278106
0.236301
-0.122966
-0.514293
-0.67051
-0.370964
0.11183
0.416091
0.375543
-0.144341
-0.811641
-1.028835
-0.729289
-0.262211
0.112771
0.142317
-0.073621
-0.382282
-0.666113
-0.899338
-1.027894
-1.031038
-0.839932
-0.458977
-0.140572
-0.200922
-0.844962
-1.561924
-1.789177
-1.611587
-1.340644
-1.182227
-1.26175
-1.630761
-2.284545
-3.012194
-3.271822
-2.759796
-1.959854
-1.262695
-0.831763
-0.789645
-1.014383
-1.62322
-2.365327
-2.685933
-2.635013
-2.478797
-2.340183
-1.806469
-0.677749
0.577327
1.664557
2.432124
2.859912
3.068305
3.140913
3.168887
3.216977
3.287385
3.3031
3.309701
3.205661
2.511644
1.400212
0.739198
0.979967
1.773308
2.597452
3.161341
3.350875
2.989408
2.091083
1.092491
0.302607
-0.203132
-0.359978
-0.242737
-0.045659
0.293177
0.479568
0.200766
-0.367837
-0.990818
-1.358886
-1.474241
-1.642402
-1.859597
-1.975895
-2.155686
-2.400855
-2.714231
-3.045524
-3.399762
-3.741741
-3.693022
-3.348214
-2.745036
-1.81308
-0.6611
0.586118
1.565221
2.156455
2.365477
2.222148
1.887712
1.572135
1.416862
1.439807
1.816046
2.323672
2.506291
2.115278
1.320679
0.523251
-0.066098
-0.051325
0.490561
0.953239
1.214437
1.142458
0.689524
0.278709
0.237218
0.478301
0.809279
1.345507
1.988918
2.365472
2.052096
1.14277
0.109603
-0.886474
-1.676044
-2.150038
-2.407465
-2.434182
-2.24402
-1.638641
-0.685626
0.12626
0.612826
0.696749
0.802989
1.133338
1.505492
1.827668
2.085724
2.33215
2.541172
2.598692
2.198564
1.643476
1.234232
0.753638
0.15266
-0.146258
0.120599
0.47798
0.326478
-0.566503
-1.397563
-1.442825
-0.91697
-0.089682
0.702402
1.242716
1.370958
0.863333
0.030073
-0.481639
-0.398974
0.108023
0.864275
1.711364
2.326801
2.470445
1.958104
1.04375
0.348476
0.360734
1.052864
1.808802
2.114948
1.836461
1.243655
0.603701
-0.007021
-0.504903
-0.73687
-0.593855
-0.112319
0.362303
0.43051
0.0703
-0.476615
-0.701354
-0.371633
0.384618
1.331976
1.943326
1.897436
1.57903
1.464304
1.564571
1.512708
1.138983
0.725338
0.462567
0.316409
0.351298
0.498713
0.455337
0.273975
-0.167015
-0.851917
-1.243873
-0.868262
0.337152
1.691553
2.317048
1.946465
1.075801
0.295661
-0.338321
-0.789369
-1.009707
-1.148322
-1.197985
-1.129149
-0.972304
-1.007194
-1.159953
-1.119406
-0.77617
-0.159161
0.486135
0.852946
0.761793
0.400326
0.05206
-0.066439
0.241594
0.738218
1.105028
1.098427
0.76022
0.433642
0.233106
0.327716
0.795737
1.642198
2.64739
3.517425
3.972559
4.03668
3.948671
3.921325
3.969415
3.882663
3.631522
3.360579
3.237994
3.158471
2.841008
2.183138
1.584674
1.280099
1.007898
0.324254
-0.83747
-2.013652
-2.645434
-2.543594
-1.98945
-1.72888
-1.920929
-2.139695
-2.08689
-1.706564
-1.254259
-0.783723
-0.539498
-0.644166
-0.990546
-1.098672
-0.98646
-1.018521
-1.085471
-1.132934
-1.111874
-1.036124
-0.917311
-0.717719
-0.218266
0.692002
1.767602
2.600547
2.986845
2.941897
2.692014
2.498707
2.336518
2.038229
1.396389
0.537355
-0.244043
-0.731552
-0.890283
-0.974521
-1.301413
-1.908049
-2.283346
-2.242485
-1.966199
-1.63805
-1.294499
-1.04493
-1.118795
-1.486235
-1.851788
-1.939483
-1.62925
-0.664605
0.685081
1.95493
2.729098
2.898201
2.491786
1.577432
0.554637
-0.253163
-0.731557
-0.83434
-0.615888
-0.374177
-0.391779
-0.696983
-0.947496
-1.114399
-1.23667
-1.300791
-1.34731
-1.441292
-1.523644
-1.622654
-1.714122
-1.810618
-2.01964
-1.96652
-1.448837
-0.593261
0.01589
0.108928
-0.132784
-0.520654
-0.883378
-1.079514
-1.122576
-1.222215
-1.315568
-1.33317
-1.348257
-1.452297
-1.510132
-1.403578
-1.176326
-0.796314
-0.368526
-0.104498
-0.094126
-0.195965
-0.112357
0.296886
0.852602
1.240472
1.147748
0.638236
-0.041636
-0.652044
-0.788773
-0.425421
0.047944
0.284626
0.234335
0.002681
-0.298751
-0.499287
-0.681278
-1.002512
-1.39604
-1.834201
-2.13029
-2.129661
-1.92944
-1.742421
-1.60192
-1.573003
-1.778882
-1.977532
-2.037882
-1.956788
-1.785484
-1.533086
-1.289174
-1.124157
-0.853214
-0.422283
0.188125
0.893457
1.5683
2.229627
2.959161
3.673294
4.024703
3.961524
3.602257
3.061628
2.409416
1.676423
1.136423
1.140195
1.638076
2.153873
2.368867
2.386783
2.462534
2.611835
2.599891
2.291544
1.73457
1.074814
0.552416
0.25004
0.146629
-0.013674
-0.305677
-0.570648
-0.717749
-0.536702
-0.072138
0.553357
1.198654
1.586209
1.642472
1.349212
0.928024
0.7014
0.550841
0.258209
-0.049824
-0.007391
0.440828
1.245799
2.127778
2.636032
2.502446
1.916241
1.295775
0.834668
0.60553
0.563096
0.594214
0.294982
-0.52162
-1.62048
-2.611842
-3.131412
-3.054718
-2.580725
-1.95303
-1.560132
-1.595021
-1.849934
-2.244719
-2.669365
-2.979912
-3.208737
-3.268143
-3.031147
-2.769005
-2.559354
-2.414768
-2.277725
-2.144453
-2.193173
-2.485804
-2.774978
-2.831242
-2.650823
-2.269554
-1.912802
-1.624257
-1.3508
-1.030194
-0.722476
-0.502767
-0.407529
-0.299403
-0.055177
0.335207
0.76991
0.990247
0.841888
0.468163
0.170817
0.108267
0.309745
0.501794
0.453389
0.106695
-0.284004
-0.380815
-0.093527
0.553656
1.181036
1.285704
0.836228
0.207589
-0.232772
-0.361329
-0.230258
0.048543
0.348718
0.561826
0.571569
0.250021
-0.110818
-0.229631
-0.462541
-0.862984
-1.171331
-1.103439
-0.34813
0.609286
1.099938
0.96478
0.45244
0.045396
-0.107991
-0.19883
-0.366362
-0.570041
-0.721858
-0.750461
-0.691683
-0.507807
-0.214547
0.304079
1.002182
1.550983
1.724486
1.43657
0.857908
0.352169
0.13686
0.137174
0.110142
0.038477
0.234298
0.719921
1.352959
1.764088
1.755287
1.440968
1.162795
0.98489
0.702003
0.398056
0.113911
-0.005216
-0.007416
0.034702
0.310989
0.925482
1.762828
2.42447
2.563399
2.164842
1.494399
0.869847
0.289299
-0.239386
-0.699549
-1.009783
-1.196174
-1.315301
-1.270982
-1.148712
-0.921774
-0.58451
-0.119004
0.458086
1.011916
1.303604
1.229739
0.850984
0.277037
-0.353487
-1.019215
-1.563616
-1.643453
-1.203721
-0.533593
0.012693
0.195313
0.254719
0.530691
0.950621
1.302658
1.451959
1.180387
0.723053
0.387046
0.208198
0.274833
0.471282
0.758884
0.985508
0.97765
0.839035
0.740967
0.83212
1.121607
1.34666
1.373376
1.275623
1.089232
0.968218
0.804144
0.378555
-0.18439
-0.615951
-0.924927
-1.18644
-1.380061
-1.497617
-1.635289
-1.885173
-2.225266
-2.583276
-2.699888
-2.37834
-1.730843
-0.949132
-0.147932
0.478191
0.884291
1.081683
1.157748
1.329052
1.604081
1.760612
1.729494
1.560076
1.427119
1.44032
1.469551
1.558189
1.597793
1.411402
1.087338
0.726814
0.444555
0.242762
0.051656
-0.186912
-0.464142
-0.595213
-0.621302
-0.706483
-0.832525
-0.857671
-0.796064
-0.653678
-0.510663
-0.469802
-0.443713
-0.39248
-0.340931
-0.205774
0.03908
0.37823
0.782444
0.940547
0.903142
0.847508
0.907857
1.329987
1.91242
2.192164
2.094725
1.858985
1.622931
1.362361
0.91697
0.305619
-0.127827
-0.028188
0.605165
1.279694
1.431195
1.037982
0.562731
0.323534
0.411857
0.709832
0.971974
1.184453
1.229086
0.948399
0.385139
-0.218983
-0.539903
-0.587051
-0.545875
-0.480183
-0.551533
-0.82562
-1.015154
-1.042186
-1.151255
-1.288613
-1.298671
-1.251209
-1.199032
-1.209719
-1.284842
-1.239266
-0.901373
-0.253876
0.598557
1.326835
1.733563
1.793598
1.491852
0.900931
0.193085
-0.337801
-0.486474
-0.363261
-0.267079
-0.276824
-0.36609
-0.330573
-0.032598
0.321639
0.711709
1.042372
1.078833
0.830207
0.371929
0.000404
0.044723
0.384816
0.608925
0.454908
0.171392
0.17705
0.58095
1.158039
1.549681
1.601858
1.287224
0.786513
0.353381
0.162275
0.282659
0.3955
0.277944
0.051634
-0.102383
-0.06655
0.17799
0.395813
0.230166
-0.36264
-1.216645
-2.035132
-2.655599
-3.055727
-3.314097
-3.64539
-4.124727
-4.544972
-4.600606
-4.321806
-3.748173
-3.153168
-2.72758
-2.602167
-2.856451
-3.280153
-3.660794
-3.696941
-3.448629
-3.148769
-3.117966
-3.214776
-3.098793
-2.817163
-2.586453
-2.563822
-2.58331
-2.558793
-2.376174
-1.936756
-1.281401
-0.557524
-0.028211
0.237074
0.269134
0.060426
-0.27621
-0.666909
-0.907363
-0.841985
-0.568528
-0.210833
-0.017841
-0.073476
-0.150798
-0.12911
-0.209262
-0.527353
-0.947912
-1.231428
-1.392989
-1.511487
-1.586924
-1.597925
-1.484771
-1.322268
-1.193397
-1.186483
-1.177367
-0.959859
-0.499382
0.002272
0.247126
0.177661
-0.059336
-0.252013
-0.182235
0.056333
0.223865
0.294901
0.367508
0.58376
0.866333
1.070011
1.187566
1.272118
1.346926
1.560662
1.856436
2.023025
1.972106
1.664701
1.196365
0.5803
0.004467
-0.123461
0.242406
0.927622
1.645841
2.048797
2.10286
1.945386
1.690159
1.334035
0.88393
0.298353
-0.237561
-0.568225
-0.692067
-0.751159
-0.906433
-1.023674
-1.056364
-0.957039
-0.876574
-1.115142
-1.681231
-2.393478
-2.984713
-3.23994
-3.248113
-3.045377
-2.650907
-2.217461
-1.802246
-1.39866
-1.149405
-1.034679
-0.996647
-1.20284
-1.593853
-2.033272
-2.48212
-2.774437
-2.825042
-2.699
-2.446288
-2.081992
-1.665205
-1.27765
-0.944158
-0.785113
-0.666929
-0.44942
-0.152074
0.116668
0.311546
0.506423
0.710731
0.873233
1.021592
1.355399
1.858938
2.354933
2.625561
2.696283
2.781149
2.921335
2.974455
2.813209
2.441369
1.891625
1.313277
0.881403
0.684324
0.836769
1.22621
1.613451
1.975861
2.355244
2.713253
2.982939
3.148585
3.209877
3.247909
3.284999
3.228421
3.073147
2.962507
2.956534
2.910329
2.637814
2.094671
1.440887
0.828593
0.409291
0.269104
0.331654
0.315309
0.032736
-0.35922
-0.614134
-0.550641
-0.253296
0.085226
0.240185
0.15689
-0.013471
-0.170631
-0.302016
-0.299502
-0.288815
-0.491551
-0.719433
-0.841075
-0.723834
-0.485894
-0.244498
-0.039247
-0.036733
-0.263357
-0.516384
-0.609737
-0.55096
-0.373056
-0.259587
-0.218411
-0.166549
-0.068167
0.00224
-0.038307
-0.05308
-0.033278
-0.105886
-0.212126
-0.167179
0.134253
0.570842
0.856558
0.837384
0.552297
0.081761
-0.359858
-0.53462
-0.500045
-0.425551
-0.415808
-0.475528
-0.510104
-0.447554
-0.302339
-0.105261
0.149023
0.414308
0.535949
0.457998
0.340128
0.330069
0.419964
0.500744
0.588753
0.702851
0.829207
0.808462
0.6337
0.517088
0.436936
0.353955
0.20874
-0.071319
-0.429014
-0.59969
-0.679213
-0.63898
-0.410784
-0.214964
-0.102752
-0.081693
-0.016315
0.259029
0.836433
1.468842
1.85514
1.827794
1.533592
1.273649
1.179668
1.236874
1.417921
1.722182
2.136769
2.619248
3.010261
3.205767
3.259201
3.244428
3.142274
2.936081
2.622076
2.207489
1.716836
1.216126
0.757534
0.487848
0.337603
0.219105
0.252737
0.50262
0.920979
1.251642
1.381456
1.45312
1.589849
1.743551
1.846333
1.844447
1.63951
1.098253
0.290138
-0.584612
-1.248455
-1.537943
-1.626895
-1.472565
-1.078094
-0.440027
0.363373
1.079706
1.532954
1.697342
1.75832
1.634478
1.352534
0.902743
0.364943
0.045908
-0.013498
0.078597
0.153719
0.23387
0.459551
0.934487
1.519121
1.998143
2.323149
2.533114
2.637153
2.606035
2.51614
2.365581
2.099981
1.745429
1.430795
1.145707
0.810643
0.43566
0.115369
-0.069451
-0.152432
-0.177578
-0.293876
-0.465809
-0.648743
-0.831048
-1.072759
-1.428255
-1.677196
-1.784064
-1.727173
-1.511864
-1.228349
-0.964321
-0.869082
-0.882598
-0.818477
-0.567965
-0.239502
-0.027337
0.074502
0.106248
0.136737
0.189228
0.276923
0.385992
0.386306
0.331928
0.232603
0.144279
0.13705
0.066642
-0.137666
-0.449156
-0.680809
-0.806223
-0.942952
-1.120542
-1.221439
-1.183407
-1.075595
-0.80811
-0.473989
-0.179787
-0.085177
-0.305515
-0.72073
-1.100114
-1.195667
-1.00959
-0.643723
-0.329718
-0.205248
-0.235109
-0.4149
-0.553829
-0.600977
-0.630523
-0.693702
-0.838289
-1.069942
-1.323283
-1.39872
-1.396834
-1.388662
-1.349687
-1.296567
-1.205101
-1.18027
-1.200072
-1.148524
-1.088175
-1.123379
-1.209817
-1.193472
-1.109864
-1.010225
-0.898956
-0.801203
-0.710051
-0.704079
-0.648759
-0.571122
-0.506687
-0.38316
-0.298608
-0.260261
-0.224115
-0.202427
-0.2106
-0.284465
-0.469913
-0.682079
-0.779204
-0.608214
-0.217202
0.095546
0.19047
0.206814
0.185126
0.13012
0.02828
-0.126679
-0.259951
-0.327529
-0.28604
-0.178543
-0.118822
-0.197716
-0.349847
-0.461431
-0.385366
-0.021384
0.56765
1.170199
1.542667
1.618418
1.574727
1.63319
1.851013
2.103097
2.287916
2.309604
2.190163
2.078265
2.005343
1.977997
1.982083
1.95568
1.827752
1.657076
1.420394
1.184654
1.099473
1.085329
1.062383
0.897994
0.449775
-0.113171
-0.615767
-0.878538
-0.914685
-0.996094
-1.137224
-1.288097
-1.498062
-1.846643
-2.242371
-2.488797
-2.460194
-2.31435
-2.254316
-2.234199
-2.185166
-2.088041
-1.995632
-1.849474
-1.529811
-1.113339
-0.774188
-0.601627
-0.565795
-0.433781
-0.128892
0.222831
0.605986
0.951108
1.267313
1.522854
1.63318
1.63035
1.52914
1.402154
1.208848
0.926589
0.603783
0.372758
0.396018
0.615727
0.923131
1.123352
1.198788
1.211989
1.169242
0.996052
0.630813
0.148647
-0.411784
-1.060225
-1.807362
-2.357735
-2.453917
-2.133311
-1.690436
-1.391833
-1.177153
-0.947386
-0.685558
-0.370611
-0.027375
0.172846
0.108411
-0.10847
-0.458307
-0.781113
-0.875095
-0.774513
-0.624268
-0.724222
-0.968448
-1.061487
-0.82952
-0.326295
0.1653
0.425556
0.36835
0.123495
-0.217227
-0.626157
-0.92256
-1.064632
-1.083177
-0.979138
-0.796519
-0.562037
-0.279464
0.10652
0.45007
0.691781
0.865285
0.848941
0.735785
0.658463
0.757159
1.117997
1.420372
1.373224
0.940406
0.304852
-0.223833
-0.526522
-0.643135
-0.543496
-0.441342
-0.577128
-0.787408
-0.872589
-0.707257
-0.342018
-0.031786
0.017562
-0.276326
-0.712287
-0.966886
-1.088842
-1.201368
-1.321124
-1.510344
-1.745455
-1.960136
-1.999426
-1.772173
-1.419193
-1.090101
-0.90591
-0.857505
-0.891138
-0.882651
-0.822617
-0.791499
-0.799043
-0.840219
-0.816017
-0.777356
-0.821046
-0.953689
-0.951803
-0.747811
-0.383515
0.037358
0.307358
0.358592
0.163085
-0.115402
-0.339826
-0.342341
-0.07957
0.336903
0.669138
0.806495
0.800208
0.596215
0.361104
0.214631
0.165912
0.128822
-0.072028
-0.403321
-0.813822
-1.217094
-1.405371
-1.423602
-1.464778
-1.613451
-1.825302
-1.99472
-2.118562
-2.287666
-2.462742
-2.515548
-2.410566
-2.235176
-2.0623
-2.024582
-2.103477
-2.10442
-1.933745
-1.547132
-1.123745
-0.833628
-0.694071
-0.652581
-0.755364
-1.074083
-1.437751
-1.655574
-1.645202
-1.42455
-1.127204
-0.884865
-0.822001
-0.78554
-0.545086
-0.152816
0.21588
0.367067
0.397556
0.415786
0.266484
-0.105355
-0.595379
-0.919442
-0.909699
-0.54886
0.109324
0.764679
1.239615
1.492956
1.55802
1.522187
1.482897
1.479754
1.495469
1.536645
1.606738
1.651057
1.546388
1.273245
0.964583
0.76719
0.708727
0.663779
0.466072
0.142009
0.004651
0.151124
0.430553
0.750844
0.952637
0.858027
0.282194
-0.591928
-1.42456
-2.048798
-2.270078
-2.081173
-1.688274
-1.288146
-1.062465
-0.93328
-0.669567
-0.203746
0.453809
1.122995
1.591016
1.79878
1.650421
1.140596
0.570421
0.291934
0.412632
0.733866
1.015181
1.299326
1.618359
1.784634
1.597928
1.025238
0.311105
-0.484751
-1.132877
-1.353844
-1.192284
-0.847162
-0.710433
-0.792785
-0.912855
-1.038897
-1.169969
-1.41891
-1.681366
-1.755232
-1.61756
-1.5921
-1.911763
-2.306548
-2.593522
-2.585664
-2.217282
-1.444686
-0.422206
0.608446
1.492626
1.958446
1.951217
1.466537
0.729144
0.046442
-0.437609
-0.836166
-1.223408
-1.373967
-1.17186
-0.637832
-0.003536
0.529863
0.854241
1.090608
1.430701
1.701016
1.839945
1.729933
1.409327
0.974938
0.548092
0.174366
-0.267252
-0.627462
-0.710443
-0.23645
0.713423
1.708557
2.433376
2.718778
2.685146
2.541816
2.2627
1.829568
1.40398
1.334201
1.716727
2.399114
2.950744
3.083072
3.004806
2.786354
2.505667
2.149543
1.845911
1.739671
1.678692
1.456783
0.917411
0.300402
-0.039691
-0.167619
-0.295862
-0.523114
-0.73088
-0.697876
-0.530659
-0.265059
0.069376
0.172473
-0.039064
-0.53066
-1.1791
-1.776621
-2.178007
-2.441721
-2.656715
-2.829277
-2.95029
-2.836192
-2.411547
-1.667868
-0.813235
-0.217286
0.032912
0.140723
0.327114
0.488359
0.486159
0.362631
0.163353
0.016566
0.09986
0.417008
0.838509
1.330733
1.746891
2.030093
2.346297
2.694563
3.004481
3.111978
2.937845
2.557833
2.164305
1.813839
1.442
1.028355
0.750497
0.762755
0.943489
1.076131
0.974606
0.748925
0.440263
0.142603
-0.2855
-0.843103
-1.346956
-1.672906
-1.660019
-1.384047
-0.891509
-0.370368
-0.014245
-0.036247
-0.468122
-0.98392
-1.255806
-1.179427
-0.797843
-0.224211
0.354764
0.800783
1.107244
1.377872
1.817605
2.307942
2.55814
2.501248
2.34566
2.158954
1.847778
1.515228
1.338895
1.476881
1.654157
1.55546
1.211909
0.956996
0.917392
0.948509
0.858614
0.699568
0.70774
0.904504
1.1371
1.296773
1.420301
1.522769
1.557343
1.359008
1.037145
0.648332
0.350043
0.248518
0.224
0.095129
-0.33706
-1.03862
-1.834476
-2.349646
-2.492975
-2.266351
-1.70372
-0.882405
0.077526
0.805174
1.064173
1.006024
0.805802
0.485511
0.162076
-0.096609
-0.233023
-0.244968
-0.178647
0.075637
0.594892
1.181097
1.654462
1.996755
2.284357
2.514438
2.58516
2.477977
2.161143
1.71921
1.334483
1.016706
0.696415
0.528883
0.593318
0.810826
0.965786
1.000989
1.082398
1.161606
1.217869
1.126402
0.769021
0.226191
-0.392703
-0.872669
-1.237279
-1.551913
-1.623578
-1.362693
-0.837466
-0.38359
-0.186512
-0.294009
-0.676221
-1.05309
-1.163731
-0.877386
-0.446769
-0.101018
0.12592
0.328027
0.634488
1.019528
1.473405
1.867875
2.011205
1.952427
1.877619
1.927909
2.069039
2.080354
1.813497
1.305242
0.648001
-0.0303
-0.607076
-0.945912
-0.893735
-0.542955
-0.194376
0.032877
0.12843
0.09574
-0.059219
-0.33802
-0.592934
-0.836217
-1.118161
-1.458569
-1.641817
-1.427766
-0.964774
-0.497382
-0.303447
-0.437976
-0.791585
-1.150852
-1.28601
-1.238548
-1.087989
-0.965405
-0.904427
-0.777128
-0.628455
-0.505557
-0.432949
-0.458095
-0.506186
-0.518759
-0.505244
-0.445523
-0.415034
-0.398376
-0.316967
-0.175838
-0.160122
-0.257876
-0.349657
-0.318226
-0.073371
0.28841
0.637618
0.832182
0.938421
0.856698
0.638246
0.519119
0.581354
0.629444
0.448711
0.01055
-0.417239
-0.606145
-0.693211
-0.767391
-0.796937
-0.650465
-0.461873
-0.420383
-0.529452
-0.646694
-0.64638
-0.498964
-0.296857
-0.108894
-0.013656
-0.041316
-0.074006
-0.060805
0.075295
0.155447
-0.009571
-0.421015
-0.853204
-1.080143
-1.110318
-1.043368
-1.028281
-1.031424
-1.009736
-0.884009
-0.627839
-0.322635
0.010228
0.405642
0.838145
1.105944
1.014163
0.559343
0.039459
-0.248772
-0.274546
-0.07684
0.197561
0.417584
0.49522
0.429213
0.409411
0.465045
0.541424
0.622833
0.759561
0.924579
1.051563
0.992786
0.694497
0.335544
0.051714
-0.191255
-0.342443
-0.356273
-0.390534
-0.322642
-0.188742
-0.082188
0.002364
0.035996
0.122433
0.447753
0.865483
1.084878
1.000954
0.763958
0.544248
0.180581
-0.194088
-0.505893
-0.671853
-0.549583
-0.342447
-0.355963
-0.636336
-1.000946
-1.328782
-1.632728
-1.953963
-2.168014
-2.241251
-2.215791
-2.095721
-1.931961
-1.878527
-1.975024
-2.026572
-1.847725
-1.422451
-1.001578
-0.797271
-0.815816
-0.961346
-1.1974
-1.451055
-1.65222
-1.78392
-1.825724
-1.813152
-1.716342
-1.496319
-1.108135
-0.696063
-0.379543
-0.121802
-0.000161
-0.139719
-0.451209
-0.759242
-0.932118
-0.992153
-1.077962
-1.100593
-0.960407
-0.589825
-0.016822
0.546438
0.868615
0.957253
0.881187
0.626588
0.405936
0.23809
0.032839
-0.226789
-0.480445
-0.535451
-0.413809
-0.272366
-0.171784
0.011778
0.251289
0.541091
0.86704
1.103408
1.131382
0.918273
0.558063
0.146934
-0.178072
-0.304429
-0.315745
-0.363521
-0.427014
-0.492393
-0.513452
-0.476048
-0.366037
-0.12024
0.360668
0.939015
1.27848
1.230389
0.917641
0.561517
0.336465
0.36161
0.562774
0.68913
0.575346
0.336778
0.188419
0.199734
0.310689
0.491108
0.599548
0.500222
0.323261
0.271398
0.340548
0.438301
0.454645
0.324203
0.038172
-0.318581
-0.435822
-0.202283
0.096634
0.203817
0.056401
-0.316067
-0.731912
-0.983053
-0.949735
-0.718082
-0.486744
-0.360387
-0.349072
-0.449026
-0.640446
-0.859213
-1.135185
-1.464592
-1.845232
-2.109261
-2.061799
-1.830774
-1.618609
-1.479995
-1.424046
-1.386957
-1.264372
-1.060694
-0.846957
-0.642336
-0.499635
-0.397481
-0.325188
-0.277412
-0.197261
-0.234979
-0.267983
-0.217692
-0.048274
0.195009
0.41126
0.540445
0.601737
0.577848
0.485438
0.446463
0.594192
0.924227
1.242632
1.39822
1.389419
1.378103
1.343214
1.323411
1.297323
1.41142
1.555692
1.598125
1.458567
1.071012
0.639451
0.416285
0.303758
0.223292
0.001068
-0.225242
-0.378944
-0.623484
-0.83785
-0.996267
-0.905115
-0.82905
-0.821192
-0.99061
-1.113824
-1.223836
-1.240809
-1.294872
-1.374081
-1.180146
-0.979925
-0.700496
-0.497131
-0.363232
-0.284966
-0.238133
-0.266422
-0.080345
0.229259
0.558037
0.723683
0.677792
0.661447
0.557093
0.493914
0.300922
0.204426
0.284892
0.55772
0.867324
1.026055
1.152726
1.128837
1.068174
0.694134
0.219197
-0.185332
-0.596147
-0.777509
-0.928383
-1.007591
-1.068255
-1.045939
-0.964845
-0.96233
-0.855148
-0.787255
-0.587348
-0.248827
-0.008373
0.066749
-0.155475
-0.488339
-0.660586
-0.652414
-0.588607
-0.425161
-0.31955
-0.296291
-0.331495
-0.306978
-0.129074
0.107294
0.522824
0.942125
1.354197
1.560705
1.379657
1.129773
1.026362
1.082939
1.140773
1.074452
0.780877
0.467815
0.300597
0.215102
0.223903
0.196871
0.118291
-0.147308
-0.554666
-0.923991
-1.197135
-1.313119
-1.419673
-1.486309
-1.426903
-1.280745
-1.077695
-0.885332
-0.781921
-0.654622
-0.587358
-0.68354
-0.812725
-0.913622
-0.908907
-0.792924
-0.736661
-0.819327
-0.892249
-0.961714
-1.012948
-0.89665
-0.574788
-0.166802
0.06108
0.07208
0.066108
0.147831
0.18272
0.134629
0.068308
0.041276
0.114198
0.162288
-0.000843
-0.21018
-0.247584
-0.182521
0.042846
0.309388
0.592275
0.770494
0.79564
0.681541
0.515895
0.426943
0.1626
-0.05428
-0.174036
-0.237215
-0.138519
0.111051
0.389851
0.687511
0.914764
0.917907
0.790607
0.572784
0.3185
-0.053969
-0.345343
-0.556565
-0.845111
-1.118568
-1.38354
-1.547614
-1.47815
-1.33042
-1.129256
-0.902632
-0.632632
-0.419839
-0.325857
-0.392493
-0.564112
-0.653693
-0.598373
-0.416068
-0.338117
-0.233449
-0.1775
-0.124381
-0.09232
0.17988
0.408704
0.407446
0.292091
0.282347
0.317236
0.012032
-0.439016
-0.859575
-1.232358
-1.360286
-1.712952
-1.892743
-1.267877
-0.857691
-0.826888
-0.829402
-0.194478
0.222938
0.355266
-0.139473
0.056977
0.692844
0.36438
-0.726622
-1.300883
-0.55469
-0.77377
-1.199673
-1.09249
-0.200453
0.316602
0.305915
0.180501
0.669896
1.282504
1.000559
0.761362
0.762305
0.877031
0.839313
0.717671
0.568684
0.885203
1.086367
0.897775
0.585027
0.517449
0.508647
0.522163
0.302768
0.168239
0.371289
0.30371
0.205643
0.172639
0.280136
0.317854
0.405863
0.399576
0.313767
0.254361
0.185524
0.164779
0.098143
-0.01564
-0.227806
-0.306386
-0.401625
-0.561614
-0.775351
-0.896364
-0.87499
-0.676341
-0.577331
-0.562244
-0.510381
-0.585818
-0.528926
-0.359509
-0.04519
0.248384
0.177977
0.154717
0.242412
0.158488
0.393284
0.631538
0.856276
1.224029
1.415135
1.176252
1.58361
1.584238
1.241944
1.236286
1.172479
1.315809
1.396274
1.574179
1.389044
1.940674
2.169813
1.849836
1.298834
1.30732
1.48994
1.171848
0.79938
0.331987
0.463058
0.50612
0.377249
0.221346
0.524349
0.58847
0.231718
-0.200471
-0.301996
-0.162439
-0.266479
-0.627632
-0.950123
-0.97464
-0.835083
-0.758075
-0.69804
-0.42584
-0.344746
-0.330916
-0.332174
-0.235678
-0.13321
-0.228763
-0.240393
-0.209276
-0.247937
-0.39661
-0.554399
-0.5654
-0.65781
-0.641152
-0.648695
-0.786367
-0.942584
-1.040966
-0.910838
-0.727591
-0.457905
-0.035775
0.381955
0.688731
0.740279
0.732421
0.721733
0.789312
1.023794
1.196983
1.363887
1.488985
1.591768
1.585481
1.4981
1.425178
1.510044
1.623827
1.678204
1.636085
1.533617
1.48804
1.43052
1.381171
1.523558
1.838505
2.032754
1.884395
1.599308
1.40663
1.284674
1.425803
1.410087
1.305418
1.124685
0.869457
0.61643
0.343287
0.274765
0.293938
0.515533
0.648175
0.701295
0.861283
0.972552
1.165544
1.140712
1.111481
1.163029
1.241608
1.378023
1.301014
1.207347
0.846823
0.459267
0.107229
-0.042701
-0.102736
-0.095507
0.05788
0.201838
0.498241
0.693747
0.886739
0.846506
0.648485
0.510184
0.493211
0.598193
0.678973
0.630253
0.413058
0.013244
-0.451948
-0.904254
-1.129621
-1.063614
-0.877537
-0.714091
-0.589936
-0.368655
-0.142031
0.084907
0.136455
0.026443
-0.188866
-0.296992
-0.290705
-0.194524
0.005068
0.199946
0.411797
0.508607
0.616733
0.686511
0.752204
0.838327
0.847442
0.726743
0.423111
-0.037367
-0.611943
-0.944178
-0.86937
-0.618858
-0.465785
-0.49816
-0.562281
-0.397264
-0.123178
0.210314
0.630559
0.91376
0.913446
0.643131
0.550092
0.719824
0.977566
1.241594
1.35852
1.367007
1.28434
1.152641
1.065888
0.990137
0.915329
0.961848
0.953675
0.860323
0.718879
0.463023
0.376899
0.33478
0.310263
0.416188
0.593778
0.764139
0.67833
0.462392
0.376583
0.317491
0.211565
0.1377
0.001914
-0.121299
-0.139216
-0.197679
-0.268716
-0.283175
-0.255515
-0.172535
-0.05938
0.098408
0.30963
0.446673
0.547884
0.457045
0.269396
0.024542
-0.373072
-0.559149
-0.744912
-0.796461
-0.624528
-0.433108
-0.11596
-0.033923
-0.073213
0.024225
0.015424
0.138323
0.17164
0.07483
0.128892
0.176983
0.353002
0.341372
0.18484
0.14115
0.172582
0.485329
0.847424
1.148542
1.263897
1.168658
1.10988
0.999239
0.853709
0.761299
0.570193
0.215012
-0.088935
-0.302043
-0.351391
-0.575815
-0.987574
-1.182137
-1.276748
-1.377016
-1.366958
-1.335212
-1.286492
-1.267319
-1.470055
-1.597669
-1.656761
-1.64576
-1.624701
-1.728112
-1.697309
-1.78029
-1.727799
-1.523177
-1.539522
-1.467543
-1.661792
-1.926764
-2.038033
-2.321863
-2.248313
-2.046834
-1.91985
-1.694797
-1.603016
-1.25978
-1.115194
-1.049815
-0.895171
-0.835136
-0.60474
-0.46864
-0.382203
-0.244217
-0.183239
-0.181668
-0.129805
-0.196755
-0.320597
-0.446954
-0.497559
-0.385976
-0.289481
-0.206501
-0.21593
-0.576769
-0.938236
-1.263871
-1.315734
-1.101054
-0.983185
-0.681124
-0.599716
-0.545967
-0.305199
-0.298913
0.038666
0.152449
0.094614
0.059724
-0.257738
-0.477447
-0.602861
-0.342919
0.008489
0.148675
0.124787
0.313692
0.361154
0.677045
0.975019
1.342458
1.596742
1.550851
1.539536
1.131549
0.926299
0.495053
0.245169
0.136728
0.09681
0.287601
0.322805
0.23951
0.199905
0.123211
0.240452
0.186703
-0.196452
-0.546918
-0.837663
-0.780772
-0.800574
-0.87884
-0.998281
-0.997024
-0.872554
-0.938247
-0.821949
-0.561693
-0.301123
0.087376
0.260565
0.280681
0.14961
-0.003149
-0.052183
0.046513
0.217817
0.293567
0.556338
0.584312
0.378747
0.267792
0.159981
0.195184
0.135778
0.045882
0.012878
-0.221604
-0.244235
-0.299241
-0.399195
-0.421197
-0.612932
-0.606017
-0.681454
-0.700628
-0.573015
-0.735832
-0.614505
-0.516123
-0.575216
-0.686171
-0.984145
-0.963086
-0.906509
-0.920025
-1.005834
-1.07467
-1.085672
-1.109874
-1.168024
-1.422308
-1.572238
-1.768374
-1.877443
-1.928991
-2.138642
-2.109097
-2.139271
-2.176676
-2.130471
-2.012287
-1.796979
-1.775291
-1.665594
-1.50372
-1.339017
-1.296584
-1.412568
-1.400624
-1.58733
-1.814268
-1.889076
-1.854816
-1.712115
-1.5669
-1.498064
-1.501522
-1.230893
-1.005212
-0.792733
-0.567681
-0.419008
-0.147122
0.015066
0.025439
0.088617
0.127278
0.205857
0.555066
0.708139
1.050118
1.185589
1.100723
1.152899
1.24971
1.585088
1.696357
1.660524
1.459045
1.502735
1.351233
1.189045
1.238078
1.342117
1.86483
1.881489
1.623118
1.711127
1.658007
1.650149
1.38172
1.319171
1.50179
1.331743
1.197843
0.598122
0.545316
0.664128
0.688331
0.638354
0.448505
0.478679
0.479308
0.647468
0.782625
0.920925
1.031251
1.17018
0.941355
0.737048
0.353578
0.027943
0.012542
0.000283
-0.132674
-0.292663
-0.320323
-0.272547
0.076347
0.128209
-0.05001
-0.0959
-0.062269
-0.098101
-0.155936
-0.123247
0.207102
0.194843
-0.075157
-0.361188
-0.480629
-0.389162
-0.297696
-0.153423
-0.020781
0.17944
0.019137
-0.121049
-0.143366
0.051826
0.41675
0.796447
0.881628
0.85711
0.562908
0.57768
0.932232
1.315701
1.575643
1.64385
1.867016
1.859472
1.967284
1.690997
1.698855
1.579413
1.353418
1.086875
0.71755
0.749296
0.21841
-0.224151
-0.285129
-0.155001
0.330307
0.019445
-0.285759
-0.161603
-0.035875
0.232553
0.200492
-0.030533
-0.212209
-0.076424
0.121912
0.060933
-0.170091
-0.431291
-0.531873
-0.333224
-0.666402
-1.065588
-1.100477
-0.601967
-0.30525
-0.180466
-0.366229
-0.612026
-0.452667
-0.397033
-0.00822
0.196716
0.111221
-0.11006
-0.03148
-0.039339
-0.02488
0.227204
0.312698
0.209287
0.070043
-0.207501
-0.241447
-0.383205
-0.597886
-0.622403
-0.979784
-1.285931
-1.438376
-1.460064
-1.362311
-1.279331
-1.328365
-1.13443
-0.951497
-1.045164
-1.054594
-1.069996
-1.165549
-1.245072
-1.243186
-1.114001
-1.045794
-0.947412
-0.825457
-0.605119
-0.326319
-0.25654
-0.303059
-0.374096
-0.315318
-0.239882
-0.215365
-0.238625
-0.181733
-0.0032
0.112155
0.349465
0.572632
0.680129
0.733563
0.662212
0.562887
0.546542
0.582689
0.575459
0.503794
0.423014
0.358578
0.297914
0.443758
0.795167
0.98973
0.88129
0.948554
1.159148
1.165119
0.9869
1.010474
1.303105
1.444863
1.485724
1.484466
1.554559
1.582534
1.522498
1.497981
1.408714
1.314418
1.315047
1.443603
1.592276
1.748492
1.845931
1.844988
1.70543
1.409341
1.110738
0.933147
0.82565
0.73104
0.696779
0.591796
0.580166
0.526417
0.467011
0.434007
0.399746
0.553762
0.55942
0.342225
0.031992
-0.308731
-0.571502
-0.690629
-0.833644
-0.96943
-0.962515
-0.961887
-0.982004
-0.843389
-0.733378
-0.774239
-0.825788
-0.849048
-0.758524
-0.500154
-0.173891
0.108368
0.318018
0.456004
0.431487
0.224036
-0.01579
0.015642
0.219321
0.196375
0.130368
0.097993
-0.099085
-0.312508
-0.45961
-0.681205
-0.804733
-0.781159
-0.652917
-0.825793
-1.060904
-0.98421
-0.965037
-1.128483
-1.263012
-1.290358
-1.323047
-1.236295
-1.33122
-1.581418
-1.480836
-1.199835
-1.284073
-1.332478
-1.354166
-1.509754
-1.478008
-1.321163
-1.226554
-1.038905
-0.864773
-0.908778
-0.662352
-0.45333
-0.435414
-0.352119
-0.376008
-0.347091
0.013433
0.409161
0.551862
0.683875
0.87781
0.903584
0.918042
1.086517
1.236133
1.433525
1.500161
1.253106
0.969904
0.860206
0.778797
0.716562
0.840718
1.030252
1.061369
0.932498
0.88095
1.048167
1.324768
1.392975
1.342684
1.326968
1.208155
1.094685
1.104115
1.028364
0.799853
0.549655
0.276826
-0.074269
-0.321009
-0.221056
-0.041266
0.091691
0.165241
0.075346
0.000852
0.097977
0.130665
0.091061
-0.014865
-0.182397
-0.298695
-0.355273
-0.161024
0.052713
-0.062328
-0.236147
-0.284238
-0.287067
-0.28581
-0.344588
-0.353075
-0.472516
-0.602016
-0.609245
-0.734659
-0.822668
-0.613961
-0.512122
-0.582529
-0.470003
-0.23835
0.042337
0.283105
0.450322
0.489298
0.345968
0.091998
-0.170773
-0.199691
0.00776
0.156432
0.216467
0.232497
0.289389
0.34188
0.524813
0.891624
1.137421
1.200599
1.205628
1.184254
1.16068
1.123904
1.081471
1.028351
0.80487
0.563787
0.431772
0.258897
0.193832
0.308244
0.384938
0.281841
-0.030592
-0.254702
-0.327624
-0.303422
-0.351827
-0.464982
-0.512759
-0.67872
-0.935204
-1.074762
-1.036101
-0.993983
-0.978581
-1.031701
-1.117511
-1.244182
-1.313961
-1.220608
-1.008128
-0.774904
-0.594799
-0.502075
-0.617116
-0.698525
-0.60863
-0.335801
-0.062658
0.103302
0.218028
0.039181
-0.202845
-0.299027
-0.213847
-0.003568
0.067783
0.049552
-0.018341
-0.097236
-0.087178
-0.028086
0.008061
0.084754
0.059609
-0.081521
-0.193419
-0.178017
-0.119869
-0.109496
-0.027773
0.042005
-0.025888
-0.237739
-0.296517
-0.159474
-0.016774
-0.017717
-0.108869
-0.123014
-0.078067
-0.081839
-0.184936
-0.287404
-0.262573
-0.212911
-0.234599
-0.367556
-0.514029
-0.486055
-0.376358
-0.275776
-0.353413
-0.482284
-0.658617
-0.817348
-0.865754
-0.877698
-0.882727
-0.853496
-0.701994
-0.621529
-0.633787
-0.687536
-0.7438
-0.786547
-0.732799
-0.591041
-0.581926
-0.718026
-0.924849
-1.06535
-0.972626
-0.665536
-0.258493
-0.021497
0.113346
0.250389
0.326454
0.311367
0.188153
0.090714
0.105173
0.141948
0.149491
0.145405
0.024392
-0.080905
-0.077762
0.02942
0.080025
-0.024643
-0.1532
-0.177717
-0.134655
-0.109196
-0.202549
-0.405599
-0.609907
-0.73532
-0.765495
-0.677486
-0.553016
-0.557417
-0.623109
-0.704833
-0.724635
-0.705462
-0.657057
-0.653914
-0.552703
-0.371027
-0.257558
-0.340853
-0.574392
-0.730609
-0.683776
-0.435149
-0.128374
0.14414
0.228378
0.247237
0.266724
0.380822
0.569099
0.708656
0.769948
0.896619
0.982428
1.029575
1.088353
1.133929
1.155302
1.009144
0.925535
0.917676
1.020144
1.096838
1.074207
0.918304
0.687279
0.49083
0.432052
0.613099
0.801062
0.91516
0.839409
0.756428
0.752027
0.800747
0.868954
0.919873
0.962935
0.898185
0.823377
0.720594
0.654273
0.586694
0.518172
0.403131
0.185622
-0.002027
-0.147557
-0.107953
0.055807
0.234655
0.35881
0.492082
0.635411
0.717134
0.715562
0.607121
0.588262
0.563116
0.510939
0.426073
0.287458
0.135327
-0.038491
-0.093812
-0.110157
-0.101042
-0.133102
-0.167363
-0.211997
-0.26386
-0.185909
-0.085013
0.042601
0.053602
-0.036922
-0.287435
-0.529775
-0.606469
-0.629729
-0.503687
-0.360672
-0.231173
-0.303152
-0.529777
-0.762687
-0.854469
-0.704224
-0.575982
-0.555238
-0.680965
-0.766146
-0.856356
-0.847241
-0.680338
-0.424796
-0.070559
0.096973
0.043224
-0.154168
-0.294669
-0.386765
-0.363191
-0.325159
-0.365078
-0.379851
-0.279269
0.010847
0.305364
0.482011
0.538589
0.559648
0.47321
0.274874
0.021847
-0.133112
-0.103567
-0.014615
0.040705
0.024989
0.016502
0.041962
0.051706
0.071193
0.06585
0.106082
0.141286
0.207921
0.206035
0.173031
0.19912
0.124312
0.054847
-0.015561
0.062076
0.155114
0.25381
0.31133
0.387081
0.461574
0.363192
0.283041
0.257581
0.338989
0.356905
0.271724
0.108907
-0.032537
-0.070884
-0.05234
0.029069
0.127765
0.202887
0.169569
0.079988
-0.038511
-0.234332
-0.532307
-0.869257
-1.049048
-1.054706
-0.955381
-0.820538
-0.664322
-0.56814
-0.535451
-0.560597
-0.54771
-0.384579
-0.320458
-0.305057
-0.376093
-0.505907
-0.540797
-0.588888
-0.631635
-0.640122
-0.599575
-0.508108
-0.38961
-0.268598
-0.118353
0.063323
0.140959
0.160761
0.156361
0.224568
0.355953
0.46125
0.508397
0.443333
0.360981
0.235253
0.127442
0.048547
0.048233
0.098209
0.167045
0.145357
0.080921
0.103552
0.163587
0.218907
0.217649
0.21042
0.180245
0.114238
-0.001432
-0.024378
0.013969
0.150383
0.302828
0.373864
0.34306
0.244678
0.213875
0.223933
0.211988
0.166098
0.178985
0.217646
0.343059
0.398693
0.398378
0.421638
0.491731
0.516247
0.410007
0.299681
0.242475
0.3506
0.466584
0.533219
0.457154
0.248446
0.077142
0.048224
0.2233
0.540133
0.890284
1.143625
1.28444
1.297327
1.312729
1.361133
1.380935
1.459201
1.5865
1.668222
